1 56 0
-1 -56 0
2 57 0
-2 -57 0
4 58 0
-4 -58 0
6 59 0
-6 -59 0
8 60 0
-8 -60 0
10 61 0
-10 -61 0
12 62 0
-12 -62 0
14 63 0
-14 -63 0
16 64 0
-16 -64 0
18 65 0
-18 -65 0
20 66 0
-20 -66 0
22 67 0
-22 -67 0
24 68 0
-24 -68 0
26 69 0
-26 -69 0
28 70 0
-28 -70 0
30 71 0
-30 -71 0
32 72 0
-32 -72 0
34 73 0
-34 -73 0
-56 -2 -74 0
56 74 0
2 74 0
3 57 75 0
-3 -75 0
-57 -75 0
5 57 76 0
-5 -76 0
-57 -76 0
-6 -58 -222 0
6 58 -222 0
6 -58 222 0
-6 58 222 0
-222 -39 -223 0
222 223 0
39 223 0
-6 -58 224 0
6 -224 0
58 -224 0
39 225 0
-39 -225 0
40 226 0
-40 -226 0
-226 -225 -227 0
226 227 0
225 227 0
227 224 228 0
-227 -228 0
-224 -228 0
58 229 0
-58 -229 0
6 230 0
-6 -230 0
-230 -229 -231 0
230 231 0
229 231 0
-40 -225 -232 0
40 232 0
225 232 0
232 231 233 0
-232 -233 0
-231 -233 0
233 228 234 0
-233 -234 0
-228 -234 0
-234 -223 -77 0
234 77 0
223 77 0
-60 -10 -78 0
60 78 0
10 78 0
-14 -62 -209 0
14 62 -209 0
14 -62 209 0
-14 62 209 0
-209 -37 -210 0
209 210 0
37 210 0
-14 -62 211 0
14 -211 0
62 -211 0
37 212 0
-37 -212 0
38 213 0
-38 -213 0
-213 -212 -214 0
213 214 0
212 214 0
214 211 215 0
-214 -215 0
-211 -215 0
62 216 0
-62 -216 0
14 217 0
-14 -217 0
-217 -216 -218 0
217 218 0
216 218 0
-38 -212 -219 0
38 219 0
212 219 0
219 218 220 0
-219 -220 0
-218 -220 0
220 215 221 0
-220 -221 0
-215 -221 0
-221 -210 -79 0
221 79 0
210 79 0
-64 -18 -80 0
64 80 0
18 80 0
-66 -22 -81 0
66 81 0
22 81 0
-68 -26 -82 0
68 82 0
26 82 0
-70 -30 -83 0
70 83 0
30 83 0
-72 -34 -84 0
72 84 0
34 84 0
7 59 85 0
-7 -85 0
-59 -85 0
9 59 86 0
-9 -86 0
-59 -86 0
11 61 87 0
-11 -87 0
-61 -87 0
13 61 88 0
-13 -88 0
-61 -88 0
15 63 89 0
-15 -89 0
-63 -89 0
-63 -17 -248 0
63 17 -248 0
63 -17 248 0
-63 17 248 0
-248 -43 -249 0
248 249 0
43 249 0
-63 -17 250 0
63 -250 0
17 -250 0
43 251 0
-43 -251 0
44 252 0
-44 -252 0
-252 -251 -253 0
252 253 0
251 253 0
253 250 254 0
-253 -254 0
-250 -254 0
17 255 0
-17 -255 0
63 256 0
-63 -256 0
-256 -255 -257 0
256 257 0
255 257 0
-44 -251 -258 0
44 258 0
251 258 0
258 257 259 0
-258 -259 0
-257 -259 0
259 254 260 0
-259 -260 0
-254 -260 0
-260 -249 -90 0
260 90 0
249 90 0
19 65 91 0
-19 -91 0
-65 -91 0
21 65 92 0
-21 -92 0
-65 -92 0
23 67 93 0
-23 -93 0
-67 -93 0
25 67 94 0
-25 -94 0
-67 -94 0
27 69 95 0
-27 -95 0
-69 -95 0
29 69 96 0
-29 -96 0
-69 -96 0
31 71 97 0
-31 -97 0
-71 -97 0
33 71 98 0
-33 -98 0
-71 -98 0
35 73 99 0
-35 -99 0
-73 -99 0
36 73 100 0
-36 -100 0
-73 -100 0
-74 -77 -78 -79 -80 -81 -82 -83 -84 101 0
74 -101 0
77 -101 0
78 -101 0
79 -101 0
80 -101 0
81 -101 0
82 -101 0
83 -101 0
84 -101 0
101 102 0
-101 -102 0
101 103 0
-101 -103 0
101 49 0
-101 -49 0
-102 -74 -104 0
102 74 -104 0
102 -74 104 0
-102 74 104 0
-102 -77 -105 0
102 77 -105 0
102 -77 105 0
-102 77 105 0
-102 -78 -106 0
102 78 -106 0
102 -78 106 0
-102 78 106 0
-102 -79 -107 0
102 79 -107 0
102 -79 107 0
-102 79 107 0
-102 -80 -108 0
102 80 -108 0
102 -80 108 0
-102 80 108 0
-102 -81 -109 0
102 81 -109 0
102 -81 109 0
-102 81 109 0
-1 -103 -110 0
1 110 0
103 110 0
-102 -82 -111 0
102 82 -111 0
102 -82 111 0
-102 82 111 0
-103 -4 -112 0
103 112 0
4 112 0
-102 -83 -113 0
102 83 -113 0
102 -83 113 0
-102 83 113 0
-103 -8 -114 0
103 114 0
8 114 0
-102 -84 -115 0
102 84 -115 0
102 -84 115 0
-102 84 115 0
-103 -12 -116 0
103 116 0
12 116 0
-103 -16 -117 0
103 117 0
16 117 0
-103 -20 -118 0
103 118 0
20 118 0
-103 -24 -119 0
103 119 0
24 119 0
-103 -28 -120 0
103 120 0
28 120 0
-103 -32 -121 0
103 121 0
32 121 0
-75 -104 -274 0
75 104 -274 0
75 -104 274 0
-75 104 274 0
-274 -47 -275 0
274 275 0
47 275 0
-75 -104 276 0
75 -276 0
104 -276 0
47 277 0
-47 -277 0
48 278 0
-48 -278 0
-278 -277 -279 0
278 279 0
277 279 0
279 276 280 0
-279 -280 0
-276 -280 0
104 281 0
-104 -281 0
75 282 0
-75 -282 0
-282 -281 -283 0
282 283 0
281 283 0
-48 -277 -284 0
48 284 0
277 284 0
284 283 285 0
-284 -285 0
-283 -285 0
285 280 286 0
-285 -286 0
-280 -286 0
-286 -275 -122 0
286 122 0
275 122 0
-104 -76 -123 0
104 123 0
76 123 0
-105 -85 -124 0
105 124 0
85 124 0
-106 -87 -125 0
106 125 0
87 125 0
-107 -89 -126 0
107 126 0
89 126 0
-108 -91 -127 0
108 127 0
91 127 0
-109 -93 -128 0
109 128 0
93 128 0
-111 -95 -129 0
111 129 0
95 129 0
-113 -97 -130 0
113 130 0
97 130 0
-99 -115 -261 0
99 115 -261 0
99 -115 261 0
-99 115 261 0
-261 -45 -262 0
261 262 0
45 262 0
-99 -115 263 0
99 -263 0
115 -263 0
45 264 0
-45 -264 0
46 265 0
-46 -265 0
-265 -264 -266 0
265 266 0
264 266 0
266 263 267 0
-266 -267 0
-263 -267 0
115 268 0
-115 -268 0
99 269 0
-99 -269 0
-269 -268 -270 0
269 270 0
268 270 0
-46 -264 -271 0
46 271 0
264 271 0
271 270 272 0
-271 -272 0
-270 -272 0
272 267 273 0
-272 -273 0
-267 -273 0
-273 -262 -131 0
273 131 0
262 131 0
-105 -86 -132 0
105 132 0
86 132 0
-106 -88 -133 0
106 133 0
88 133 0
-107 -90 -134 0
107 134 0
90 134 0
-108 -92 -135 0
108 135 0
92 135 0
-109 -94 -136 0
109 136 0
94 136 0
-111 -96 -137 0
111 137 0
96 137 0
-113 -98 -138 0
113 138 0
98 138 0
-115 -100 -139 0
115 139 0
100 139 0
-122 -124 -125 -126 -127 -128 -129 -130 -131 140 0
122 -140 0
124 -140 0
125 -140 0
126 -140 0
127 -140 0
128 -140 0
129 -140 0
130 -140 0
131 -140 0
123 141 0
-123 -141 0
132 142 0
-132 -142 0
133 143 0
-133 -143 0
134 144 0
-134 -144 0
135 145 0
-135 -145 0
136 146 0
-136 -146 0
137 147 0
-137 -147 0
138 148 0
-138 -148 0
139 149 0
-139 -149 0
140 150 0
-140 -150 0
140 151 0
-140 -151 0
140 50 0
-140 -50 0
-150 -122 -152 0
150 122 -152 0
150 -122 152 0
-150 122 152 0
-150 -124 -153 0
150 124 -153 0
150 -124 153 0
-150 124 153 0
-150 -125 -154 0
150 125 -154 0
150 -125 154 0
-150 125 154 0
-150 -126 -155 0
150 126 -155 0
150 -126 155 0
-150 126 155 0
-3 -151 -156 0
3 156 0
151 156 0
-150 -127 -157 0
150 127 -157 0
150 -127 157 0
-150 127 157 0
-7 -151 -235 0
7 151 -235 0
7 -151 235 0
-7 151 235 0
-235 -41 -236 0
235 236 0
41 236 0
-7 -151 237 0
7 -237 0
151 -237 0
41 238 0
-41 -238 0
42 239 0
-42 -239 0
-239 -238 -240 0
239 240 0
238 240 0
240 237 241 0
-240 -241 0
-237 -241 0
151 242 0
-151 -242 0
7 243 0
-7 -243 0
-243 -242 -244 0
243 244 0
242 244 0
-42 -238 -245 0
42 245 0
238 245 0
245 244 246 0
-245 -246 0
-244 -246 0
246 241 247 0
-246 -247 0
-241 -247 0
-247 -236 -158 0
247 158 0
236 158 0
-150 -128 -159 0
150 128 -159 0
150 -128 159 0
-150 128 159 0
-151 -11 -160 0
151 160 0
11 160 0
-150 -129 -161 0
150 129 -161 0
150 -129 161 0
-150 129 161 0
-151 -15 -162 0
151 162 0
15 162 0
-150 -130 -163 0
150 130 -163 0
150 -130 163 0
-150 130 163 0
-151 -19 -164 0
151 164 0
19 164 0
-150 -131 -165 0
150 131 -165 0
150 -131 165 0
-150 131 165 0
-151 -23 -166 0
151 166 0
23 166 0
-151 -27 -167 0
151 167 0
27 167 0
-151 -31 -168 0
151 168 0
31 168 0
-151 -35 -169 0
151 169 0
35 169 0
-152 -141 -170 0
152 170 0
141 170 0
-153 -142 -171 0
153 171 0
142 171 0
-154 -143 -172 0
154 172 0
143 172 0
-155 -144 -173 0
155 173 0
144 173 0
-157 -145 -174 0
157 174 0
145 174 0
-159 -146 -175 0
159 175 0
146 175 0
-161 -147 -176 0
161 176 0
147 176 0
-163 -148 -177 0
163 177 0
148 177 0
-165 -149 -178 0
165 178 0
149 178 0
-170 -171 -172 -173 -174 -175 -176 -177 -178 179 0
170 -179 0
171 -179 0
172 -179 0
173 -179 0
174 -179 0
175 -179 0
176 -179 0
177 -179 0
178 -179 0
179 180 0
-179 -180 0
179 51 0
-179 -51 0
-5 -180 -181 0
5 181 0
180 181 0
-180 -9 -182 0
180 182 0
9 182 0
-180 -13 -183 0
180 183 0
13 183 0
-180 -17 -184 0
180 184 0
17 184 0
-180 -21 -185 0
180 185 0
21 185 0
-180 -25 -186 0
180 186 0
25 186 0
-180 -29 -187 0
180 187 0
29 187 0
-180 -33 -188 0
180 188 0
33 188 0
-180 -36 -189 0
180 189 0
36 189 0
-2 -110 -156 -181 -190 0
2 190 0
110 190 0
156 190 0
181 190 0
-112 -158 -182 -6 -191 0
112 191 0
158 191 0
182 191 0
6 191 0
-114 -160 -183 -10 -192 0
114 192 0
160 192 0
183 192 0
10 192 0
-116 -162 -184 -14 -193 0
116 193 0
162 193 0
184 193 0
14 193 0
-117 -164 -185 -18 -194 0
117 194 0
164 194 0
185 194 0
18 194 0
-118 -166 -186 -22 -195 0
118 195 0
166 195 0
186 195 0
22 195 0
-119 -167 -187 -26 -196 0
119 196 0
167 196 0
187 196 0
26 196 0
-120 -168 -188 -30 -197 0
120 197 0
168 197 0
188 197 0
30 197 0
-121 -169 -189 -34 -198 0
121 198 0
169 198 0
189 198 0
34 198 0
190 199 0
-190 -199 0
-191 -192 -193 -194 -195 -196 -197 -198 200 0
191 -200 0
192 -200 0
193 -200 0
194 -200 0
195 -200 0
196 -200 0
197 -200 0
198 -200 0
193 201 0
-193 -201 0
195 202 0
-195 -202 0
196 203 0
-196 -203 0
197 204 0
-197 -204 0
199 200 52 0
-199 -52 0
-200 -52 0
-192 -201 -205 0
192 205 0
201 205 0
-192 -193 -202 -194 -206 0
192 206 0
193 206 0
202 206 0
194 206 0
-194 -193 -203 -207 0
194 207 0
193 207 0
203 207 0
-192 -193 -196 -204 -208 0
192 208 0
193 208 0
196 208 0
204 208 0
-191 -192 -205 -194 -53 0
191 53 0
192 53 0
205 53 0
194 53 0
-191 -192 -206 -207 -54 0
191 54 0
192 54 0
206 54 0
207 54 0
-191 -205 -206 -208 -55 0
191 55 0
205 55 0
206 55 0
208 55 0
