1 56 0
-1 -56 0
2 57 0
-2 -57 0
4 58 0
-4 -58 0
6 59 0
-6 -59 0
8 60 0
-8 -60 0
10 61 0
-10 -61 0
12 62 0
-12 -62 0
14 63 0
-14 -63 0
16 64 0
-16 -64 0
18 65 0
-18 -65 0
20 66 0
-20 -66 0
22 67 0
-22 -67 0
24 68 0
-24 -68 0
26 69 0
-26 -69 0
28 70 0
-28 -70 0
30 71 0
-30 -71 0
32 72 0
-32 -72 0
34 73 0
-34 -73 0
-56 -2 -74 0
56 74 0
2 74 0
3 57 75 0
-3 -75 0
-57 -75 0
5 57 76 0
-5 -76 0
-57 -76 0
-6 -58 -222 0
6 58 -222 0
6 -58 222 0
-6 58 222 0
-222 -39 -223 0
222 223 0
39 223 0
-6 -58 224 0
6 -224 0
58 -224 0
39 225 0
-39 -225 0
40 226 0
-40 -226 0
-226 -225 -227 0
226 227 0
225 227 0
227 224 228 0
-227 -228 0
-224 -228 0
58 229 0
-58 -229 0
6 230 0
-6 -230 0
-230 -229 -231 0
230 231 0
229 231 0
-40 -225 -232 0
40 232 0
225 232 0
232 231 233 0
-232 -233 0
-231 -233 0
233 228 234 0
-233 -234 0
-228 -234 0
-234 -223 -77 0
234 77 0
223 77 0
-60 -10 -78 0
60 78 0
10 78 0
-14 -62 -209 0
14 62 -209 0
14 -62 209 0
-14 62 209 0
-209 -37 -210 0
209 210 0
37 210 0
-14 -62 211 0
14 -211 0
62 -211 0
37 212 0
-37 -212 0
38 213 0
-38 -213 0
-213 -212 -214 0
213 214 0
212 214 0
214 211 215 0
-214 -215 0
-211 -215 0
62 216 0
-62 -216 0
14 217 0
-14 -217 0
-217 -216 -218 0
217 218 0
216 218 0
-38 -212 -219 0
38 219 0
212 219 0
219 218 220 0
-219 -220 0
-218 -220 0
220 215 221 0
-220 -221 0
-215 -221 0
-221 -210 -79 0
221 79 0
210 79 0
-64 -18 -80 0
64 80 0
18 80 0
-66 -22 -81 0
66 81 0
22 81 0
-68 -26 -82 0
68 82 0
26 82 0
-70 -30 -83 0
70 83 0
30 83 0
-72 -34 -84 0
72 84 0
34 84 0
7 59 85 0
-7 -85 0
-59 -85 0
9 59 86 0
-9 -86 0
-59 -86 0
11 61 87 0
-11 -87 0
-61 -87 0
13 61 88 0
-13 -88 0
-61 -88 0
15 63 89 0
-15 -89 0
-63 -89 0
-63 -17 -248 0
63 17 -248 0
63 -17 248 0
-63 17 248 0
-248 -43 -249 0
248 249 0
43 249 0
-63 -17 250 0
63 -250 0
17 -250 0
43 251 0
-43 -251 0
44 252 0
-44 -252 0
-252 -251 -253 0
252 253 0
251 253 0
253 250 254 0
-253 -254 0
-250 -254 0
17 255 0
-17 -255 0
63 256 0
-63 -256 0
-256 -255 -257 0
256 257 0
255 257 0
-44 -251 -258 0
44 258 0
251 258 0
258 257 259 0
-258 -259 0
-257 -259 0
259 254 260 0
-259 -260 0
-254 -260 0
-260 -249 -90 0
260 90 0
249 90 0
19 65 91 0
-19 -91 0
-65 -91 0
21 65 92 0
-21 -92 0
-65 -92 0
23 67 93 0
-23 -93 0
-67 -93 0
25 67 94 0
-25 -94 0
-67 -94 0
27 69 95 0
-27 -95 0
-69 -95 0
29 69 96 0
-29 -96 0
-69 -96 0
31 71 97 0
-31 -97 0
-71 -97 0
33 71 98 0
-33 -98 0
-71 -98 0
35 73 99 0
-35 -99 0
-73 -99 0
36 73 100 0
-36 -100 0
-73 -100 0
-74 -77 -78 -79 -80 -81 -82 -83 -84 101 0
74 -101 0
77 -101 0
78 -101 0
79 -101 0
80 -101 0
81 -101 0
82 -101 0
83 -101 0
84 -101 0
101 102 0
-101 -102 0
101 103 0
-101 -103 0
101 49 0
-101 -49 0
-102 -74 -104 0
102 74 -104 0
102 -74 104 0
-102 74 104 0
-102 -77 -105 0
102 77 -105 0
102 -77 105 0
-102 77 105 0
-102 -78 -106 0
102 78 -106 0
102 -78 106 0
-102 78 106 0
-102 -79 -107 0
102 79 -107 0
102 -79 107 0
-102 79 107 0
-102 -80 -108 0
102 80 -108 0
102 -80 108 0
-102 80 108 0
-102 -81 -109 0
102 81 -109 0
102 -81 109 0
-102 81 109 0
-1 -103 -110 0
1 110 0
103 110 0
-102 -82 -111 0
102 82 -111 0
102 -82 111 0
-102 82 111 0
-103 -4 -112 0
103 112 0
4 112 0
-102 -83 -113 0
102 83 -113 0
102 -83 113 0
-102 83 113 0
-103 -8 -114 0
103 114 0
8 114 0
-102 -84 -115 0
102 84 -115 0
102 -84 115 0
-102 84 115 0
-103 -12 -116 0
103 116 0
12 116 0
-103 -16 -117 0
103 117 0
16 117 0
-103 -20 -118 0
103 118 0
20 118 0
-103 -24 -119 0
103 119 0
24 119 0
-103 -28 -120 0
103 120 0
28 120 0
-103 -32 -121 0
103 121 0
32 121 0
-75 -104 -274 0
75 104 -274 0
75 -104 274 0
-75 104 274 0
-274 -47 -275 0
274 275 0
47 275 0
-75 -104 276 0
75 -276 0
104 -276 0
47 277 0
-47 -277 0
48 278 0
-48 -278 0
-278 -277 -279 0
278 279 0
277 279 0
279 276 280 0
-279 -280 0
-276 -280 0
104 281 0
-104 -281 0
75 282 0
-75 -282 0
-282 -281 -283 0
282 283 0
281 283 0
-48 -277 -284 0
48 284 0
277 284 0
284 283 285 0
-284 -285 0
-283 -285 0
285 280 286 0
-285 -286 0
-280 -286 0
-286 -275 -122 0
286 122 0
275 122 0
-104 -76 -123 0
104 123 0
76 123 0
-105 -85 -124 0
105 124 0
85 124 0
-106 -87 -125 0
106 125 0
87 125 0
-107 -89 -126 0
107 126 0
89 126 0
-108 -91 -127 0
108 127 0
91 127 0
-109 -93 -128 0
109 128 0
93 128 0
-111 -95 -129 0
111 129 0
95 129 0
-113 -97 -130 0
113 130 0
97 130 0
-99 -115 -261 0
99 115 -261 0
99 -115 261 0
-99 115 261 0
-261 -45 -262 0
261 262 0
45 262 0
-99 -115 263 0
99 -263 0
115 -263 0
45 264 0
-45 -264 0
46 265 0
-46 -265 0
-265 -264 -266 0
265 266 0
264 266 0
266 263 267 0
-266 -267 0
-263 -267 0
115 268 0
-115 -268 0
99 269 0
-99 -269 0
-269 -268 -270 0
269 270 0
268 270 0
-46 -264 -271 0
46 271 0
264 271 0
271 270 272 0
-271 -272 0
-270 -272 0
272 267 273 0
-272 -273 0
-267 -273 0
-273 -262 -131 0
273 131 0
262 131 0
-105 -86 -132 0
105 132 0
86 132 0
-106 -88 -133 0
106 133 0
88 133 0
-107 -90 -134 0
107 134 0
90 134 0
-108 -92 -135 0
108 135 0
92 135 0
-109 -94 -136 0
109 136 0
94 136 0
-111 -96 -137 0
111 137 0
96 137 0
-113 -98 -138 0
113 138 0
98 138 0
-115 -100 -139 0
115 139 0
100 139 0
-122 -124 -125 -126 -127 -128 -129 -130 -131 140 0
122 -140 0
124 -140 0
125 -140 0
126 -140 0
127 -140 0
128 -140 0
129 -140 0
130 -140 0
131 -140 0
123 141 0
-123 -141 0
132 142 0
-132 -142 0
133 143 0
-133 -143 0
134 144 0
-134 -144 0
135 145 0
-135 -145 0
136 146 0
-136 -146 0
137 147 0
-137 -147 0
138 148 0
-138 -148 0
139 149 0
-139 -149 0
140 150 0
-140 -150 0
140 151 0
-140 -151 0
140 50 0
-140 -50 0
-150 -122 -152 0
150 122 -152 0
150 -122 152 0
-150 122 152 0
-150 -124 -153 0
150 124 -153 0
150 -124 153 0
-150 124 153 0
-150 -125 -154 0
150 125 -154 0
150 -125 154 0
-150 125 154 0
-150 -126 -155 0
150 126 -155 0
150 -126 155 0
-150 126 155 0
-3 -151 -156 0
3 156 0
151 156 0
-150 -127 -157 0
150 127 -157 0
150 -127 157 0
-150 127 157 0
-7 -151 -235 0
7 151 -235 0
7 -151 235 0
-7 151 235 0
-235 -41 -236 0
235 236 0
41 236 0
-7 -151 237 0
7 -237 0
151 -237 0
41 238 0
-41 -238 0
42 239 0
-42 -239 0
-239 -238 -240 0
239 240 0
238 240 0
240 237 241 0
-240 -241 0
-237 -241 0
151 242 0
-151 -242 0
7 243 0
-7 -243 0
-243 -242 -244 0
243 244 0
242 244 0
-42 -238 -245 0
42 245 0
238 245 0
245 244 246 0
-245 -246 0
-244 -246 0
246 241 247 0
-246 -247 0
-241 -247 0
-247 -236 -158 0
247 158 0
236 158 0
-150 -128 -159 0
150 128 -159 0
150 -128 159 0
-150 128 159 0
-151 -11 -160 0
151 160 0
11 160 0
-150 -129 -161 0
150 129 -161 0
150 -129 161 0
-150 129 161 0
-151 -15 -162 0
151 162 0
15 162 0
-150 -130 -163 0
150 130 -163 0
150 -130 163 0
-150 130 163 0
-151 -19 -164 0
151 164 0
19 164 0
-150 -131 -165 0
150 131 -165 0
150 -131 165 0
-150 131 165 0
-151 -23 -166 0
151 166 0
23 166 0
-151 -27 -167 0
151 167 0
27 167 0
-151 -31 -168 0
151 168 0
31 168 0
-151 -35 -169 0
151 169 0
35 169 0
-152 -141 -170 0
152 170 0
141 170 0
-153 -142 -171 0
153 171 0
142 171 0
-154 -143 -172 0
154 172 0
143 172 0
-155 -144 -173 0
155 173 0
144 173 0
-157 -145 -174 0
157 174 0
145 174 0
-159 -146 -175 0
159 175 0
146 175 0
-161 -147 -176 0
161 176 0
147 176 0
-163 -148 -177 0
163 177 0
148 177 0
-165 -149 -178 0
165 178 0
149 178 0
-170 -171 -172 -173 -174 -175 -176 -177 -178 179 0
170 -179 0
171 -179 0
172 -179 0
173 -179 0
174 -179 0
175 -179 0
176 -179 0
177 -179 0
178 -179 0
179 180 0
-179 -180 0
179 51 0
-179 -51 0
-5 -180 -181 0
5 181 0
180 181 0
-180 -9 -182 0
180 182 0
9 182 0
-180 -13 -183 0
180 183 0
13 183 0
-180 -17 -184 0
180 184 0
17 184 0
-180 -21 -185 0
180 185 0
21 185 0
-180 -25 -186 0
180 186 0
25 186 0
-180 -29 -187 0
180 187 0
29 187 0
-180 -33 -188 0
180 188 0
33 188 0
-180 -36 -189 0
180 189 0
36 189 0
-2 -110 -156 -181 -190 0
2 190 0
110 190 0
156 190 0
181 190 0
-112 -158 -182 -6 -191 0
112 191 0
158 191 0
182 191 0
6 191 0
-114 -160 -183 -10 -192 0
114 192 0
160 192 0
183 192 0
10 192 0
-116 -162 -184 -14 -193 0
116 193 0
162 193 0
184 193 0
14 193 0
-117 -164 -185 -18 -194 0
117 194 0
164 194 0
185 194 0
18 194 0
-118 -166 -186 -22 -195 0
118 195 0
166 195 0
186 195 0
22 195 0
-119 -167 -187 -26 -196 0
119 196 0
167 196 0
187 196 0
26 196 0
-120 -168 -188 -30 -197 0
120 197 0
168 197 0
188 197 0
30 197 0
-121 -169 -189 -34 -198 0
121 198 0
169 198 0
189 198 0
34 198 0
190 199 0
-190 -199 0
-191 -192 -193 -194 -195 -196 -197 -198 200 0
191 -200 0
192 -200 0
193 -200 0
194 -200 0
195 -200 0
196 -200 0
197 -200 0
198 -200 0
193 201 0
-193 -201 0
195 202 0
-195 -202 0
196 203 0
-196 -203 0
197 204 0
-197 -204 0
199 200 52 0
-199 -52 0
-200 -52 0
-192 -201 -205 0
192 205 0
201 205 0
-192 -193 -202 -194 -206 0
192 206 0
193 206 0
202 206 0
194 206 0
-194 -193 -203 -207 0
194 207 0
193 207 0
203 207 0
-192 -193 -196 -204 -208 0
192 208 0
193 208 0
196 208 0
204 208 0
-191 -192 -205 -194 -53 0
191 53 0
192 53 0
205 53 0
194 53 0
-191 -192 -206 -207 -54 0
191 54 0
192 54 0
206 54 0
207 54 0
-191 -205 -206 -208 -55 0
191 55 0
205 55 0
206 55 0
208 55 0
c The second camouflage circuit:
287 342 0
-287 -342 0
288 343 0
-288 -343 0
290 344 0
-290 -344 0
292 345 0
-292 -345 0
294 346 0
-294 -346 0
296 347 0
-296 -347 0
298 348 0
-298 -348 0
300 349 0
-300 -349 0
302 350 0
-302 -350 0
304 351 0
-304 -351 0
306 352 0
-306 -352 0
308 353 0
-308 -353 0
310 354 0
-310 -354 0
312 355 0
-312 -355 0
314 356 0
-314 -356 0
316 357 0
-316 -357 0
318 358 0
-318 -358 0
320 359 0
-320 -359 0
-342 -288 -360 0
342 360 0
288 360 0
289 343 361 0
-289 -361 0
-343 -361 0
291 343 362 0
-291 -362 0
-343 -362 0
-292 -344 -508 0
292 344 -508 0
292 -344 508 0
-292 344 508 0
-508 -325 -509 0
508 509 0
325 509 0
-292 -344 510 0
292 -510 0
344 -510 0
325 511 0
-325 -511 0
326 512 0
-326 -512 0
-512 -511 -513 0
512 513 0
511 513 0
513 510 514 0
-513 -514 0
-510 -514 0
344 515 0
-344 -515 0
292 516 0
-292 -516 0
-516 -515 -517 0
516 517 0
515 517 0
-326 -511 -518 0
326 518 0
511 518 0
518 517 519 0
-518 -519 0
-517 -519 0
519 514 520 0
-519 -520 0
-514 -520 0
-520 -509 -363 0
520 363 0
509 363 0
-346 -296 -364 0
346 364 0
296 364 0
-300 -348 -495 0
300 348 -495 0
300 -348 495 0
-300 348 495 0
-495 -323 -496 0
495 496 0
323 496 0
-300 -348 497 0
300 -497 0
348 -497 0
323 498 0
-323 -498 0
324 499 0
-324 -499 0
-499 -498 -500 0
499 500 0
498 500 0
500 497 501 0
-500 -501 0
-497 -501 0
348 502 0
-348 -502 0
300 503 0
-300 -503 0
-503 -502 -504 0
503 504 0
502 504 0
-324 -498 -505 0
324 505 0
498 505 0
505 504 506 0
-505 -506 0
-504 -506 0
506 501 507 0
-506 -507 0
-501 -507 0
-507 -496 -365 0
507 365 0
496 365 0
-350 -304 -366 0
350 366 0
304 366 0
-352 -308 -367 0
352 367 0
308 367 0
-354 -312 -368 0
354 368 0
312 368 0
-356 -316 -369 0
356 369 0
316 369 0
-358 -320 -370 0
358 370 0
320 370 0
293 345 371 0
-293 -371 0
-345 -371 0
295 345 372 0
-295 -372 0
-345 -372 0
297 347 373 0
-297 -373 0
-347 -373 0
299 347 374 0
-299 -374 0
-347 -374 0
301 349 375 0
-301 -375 0
-349 -375 0
-349 -303 -534 0
349 303 -534 0
349 -303 534 0
-349 303 534 0
-534 -329 -535 0
534 535 0
329 535 0
-349 -303 536 0
349 -536 0
303 -536 0
329 537 0
-329 -537 0
330 538 0
-330 -538 0
-538 -537 -539 0
538 539 0
537 539 0
539 536 540 0
-539 -540 0
-536 -540 0
303 541 0
-303 -541 0
349 542 0
-349 -542 0
-542 -541 -543 0
542 543 0
541 543 0
-330 -537 -544 0
330 544 0
537 544 0
544 543 545 0
-544 -545 0
-543 -545 0
545 540 546 0
-545 -546 0
-540 -546 0
-546 -535 -376 0
546 376 0
535 376 0
305 351 377 0
-305 -377 0
-351 -377 0
307 351 378 0
-307 -378 0
-351 -378 0
309 353 379 0
-309 -379 0
-353 -379 0
311 353 380 0
-311 -380 0
-353 -380 0
313 355 381 0
-313 -381 0
-355 -381 0
315 355 382 0
-315 -382 0
-355 -382 0
317 357 383 0
-317 -383 0
-357 -383 0
319 357 384 0
-319 -384 0
-357 -384 0
321 359 385 0
-321 -385 0
-359 -385 0
322 359 386 0
-322 -386 0
-359 -386 0
-360 -363 -364 -365 -366 -367 -368 -369 -370 387 0
360 -387 0
363 -387 0
364 -387 0
365 -387 0
366 -387 0
367 -387 0
368 -387 0
369 -387 0
370 -387 0
387 388 0
-387 -388 0
387 389 0
-387 -389 0
387 335 0
-387 -335 0
-388 -360 -390 0
388 360 -390 0
388 -360 390 0
-388 360 390 0
-388 -363 -391 0
388 363 -391 0
388 -363 391 0
-388 363 391 0
-388 -364 -392 0
388 364 -392 0
388 -364 392 0
-388 364 392 0
-388 -365 -393 0
388 365 -393 0
388 -365 393 0
-388 365 393 0
-388 -366 -394 0
388 366 -394 0
388 -366 394 0
-388 366 394 0
-388 -367 -395 0
388 367 -395 0
388 -367 395 0
-388 367 395 0
-287 -389 -396 0
287 396 0
389 396 0
-388 -368 -397 0
388 368 -397 0
388 -368 397 0
-388 368 397 0
-389 -290 -398 0
389 398 0
290 398 0
-388 -369 -399 0
388 369 -399 0
388 -369 399 0
-388 369 399 0
-389 -294 -400 0
389 400 0
294 400 0
-388 -370 -401 0
388 370 -401 0
388 -370 401 0
-388 370 401 0
-389 -298 -402 0
389 402 0
298 402 0
-389 -302 -403 0
389 403 0
302 403 0
-389 -306 -404 0
389 404 0
306 404 0
-389 -310 -405 0
389 405 0
310 405 0
-389 -314 -406 0
389 406 0
314 406 0
-389 -318 -407 0
389 407 0
318 407 0
-361 -390 -560 0
361 390 -560 0
361 -390 560 0
-361 390 560 0
-560 -333 -561 0
560 561 0
333 561 0
-361 -390 562 0
361 -562 0
390 -562 0
333 563 0
-333 -563 0
334 564 0
-334 -564 0
-564 -563 -565 0
564 565 0
563 565 0
565 562 566 0
-565 -566 0
-562 -566 0
390 567 0
-390 -567 0
361 568 0
-361 -568 0
-568 -567 -569 0
568 569 0
567 569 0
-334 -563 -570 0
334 570 0
563 570 0
570 569 571 0
-570 -571 0
-569 -571 0
571 566 572 0
-571 -572 0
-566 -572 0
-572 -561 -408 0
572 408 0
561 408 0
-390 -362 -409 0
390 409 0
362 409 0
-391 -371 -410 0
391 410 0
371 410 0
-392 -373 -411 0
392 411 0
373 411 0
-393 -375 -412 0
393 412 0
375 412 0
-394 -377 -413 0
394 413 0
377 413 0
-395 -379 -414 0
395 414 0
379 414 0
-397 -381 -415 0
397 415 0
381 415 0
-399 -383 -416 0
399 416 0
383 416 0
-385 -401 -547 0
385 401 -547 0
385 -401 547 0
-385 401 547 0
-547 -331 -548 0
547 548 0
331 548 0
-385 -401 549 0
385 -549 0
401 -549 0
331 550 0
-331 -550 0
332 551 0
-332 -551 0
-551 -550 -552 0
551 552 0
550 552 0
552 549 553 0
-552 -553 0
-549 -553 0
401 554 0
-401 -554 0
385 555 0
-385 -555 0
-555 -554 -556 0
555 556 0
554 556 0
-332 -550 -557 0
332 557 0
550 557 0
557 556 558 0
-557 -558 0
-556 -558 0
558 553 559 0
-558 -559 0
-553 -559 0
-559 -548 -417 0
559 417 0
548 417 0
-391 -372 -418 0
391 418 0
372 418 0
-392 -374 -419 0
392 419 0
374 419 0
-393 -376 -420 0
393 420 0
376 420 0
-394 -378 -421 0
394 421 0
378 421 0
-395 -380 -422 0
395 422 0
380 422 0
-397 -382 -423 0
397 423 0
382 423 0
-399 -384 -424 0
399 424 0
384 424 0
-401 -386 -425 0
401 425 0
386 425 0
-408 -410 -411 -412 -413 -414 -415 -416 -417 426 0
408 -426 0
410 -426 0
411 -426 0
412 -426 0
413 -426 0
414 -426 0
415 -426 0
416 -426 0
417 -426 0
409 427 0
-409 -427 0
418 428 0
-418 -428 0
419 429 0
-419 -429 0
420 430 0
-420 -430 0
421 431 0
-421 -431 0
422 432 0
-422 -432 0
423 433 0
-423 -433 0
424 434 0
-424 -434 0
425 435 0
-425 -435 0
426 436 0
-426 -436 0
426 437 0
-426 -437 0
426 336 0
-426 -336 0
-436 -408 -438 0
436 408 -438 0
436 -408 438 0
-436 408 438 0
-436 -410 -439 0
436 410 -439 0
436 -410 439 0
-436 410 439 0
-436 -411 -440 0
436 411 -440 0
436 -411 440 0
-436 411 440 0
-436 -412 -441 0
436 412 -441 0
436 -412 441 0
-436 412 441 0
-289 -437 -442 0
289 442 0
437 442 0
-436 -413 -443 0
436 413 -443 0
436 -413 443 0
-436 413 443 0
-293 -437 -521 0
293 437 -521 0
293 -437 521 0
-293 437 521 0
-521 -327 -522 0
521 522 0
327 522 0
-293 -437 523 0
293 -523 0
437 -523 0
327 524 0
-327 -524 0
328 525 0
-328 -525 0
-525 -524 -526 0
525 526 0
524 526 0
526 523 527 0
-526 -527 0
-523 -527 0
437 528 0
-437 -528 0
293 529 0
-293 -529 0
-529 -528 -530 0
529 530 0
528 530 0
-328 -524 -531 0
328 531 0
524 531 0
531 530 532 0
-531 -532 0
-530 -532 0
532 527 533 0
-532 -533 0
-527 -533 0
-533 -522 -444 0
533 444 0
522 444 0
-436 -414 -445 0
436 414 -445 0
436 -414 445 0
-436 414 445 0
-437 -297 -446 0
437 446 0
297 446 0
-436 -415 -447 0
436 415 -447 0
436 -415 447 0
-436 415 447 0
-437 -301 -448 0
437 448 0
301 448 0
-436 -416 -449 0
436 416 -449 0
436 -416 449 0
-436 416 449 0
-437 -305 -450 0
437 450 0
305 450 0
-436 -417 -451 0
436 417 -451 0
436 -417 451 0
-436 417 451 0
-437 -309 -452 0
437 452 0
309 452 0
-437 -313 -453 0
437 453 0
313 453 0
-437 -317 -454 0
437 454 0
317 454 0
-437 -321 -455 0
437 455 0
321 455 0
-438 -427 -456 0
438 456 0
427 456 0
-439 -428 -457 0
439 457 0
428 457 0
-440 -429 -458 0
440 458 0
429 458 0
-441 -430 -459 0
441 459 0
430 459 0
-443 -431 -460 0
443 460 0
431 460 0
-445 -432 -461 0
445 461 0
432 461 0
-447 -433 -462 0
447 462 0
433 462 0
-449 -434 -463 0
449 463 0
434 463 0
-451 -435 -464 0
451 464 0
435 464 0
-456 -457 -458 -459 -460 -461 -462 -463 -464 465 0
456 -465 0
457 -465 0
458 -465 0
459 -465 0
460 -465 0
461 -465 0
462 -465 0
463 -465 0
464 -465 0
465 466 0
-465 -466 0
465 337 0
-465 -337 0
-291 -466 -467 0
291 467 0
466 467 0
-466 -295 -468 0
466 468 0
295 468 0
-466 -299 -469 0
466 469 0
299 469 0
-466 -303 -470 0
466 470 0
303 470 0
-466 -307 -471 0
466 471 0
307 471 0
-466 -311 -472 0
466 472 0
311 472 0
-466 -315 -473 0
466 473 0
315 473 0
-466 -319 -474 0
466 474 0
319 474 0
-466 -322 -475 0
466 475 0
322 475 0
-288 -396 -442 -467 -476 0
288 476 0
396 476 0
442 476 0
467 476 0
-398 -444 -468 -292 -477 0
398 477 0
444 477 0
468 477 0
292 477 0
-400 -446 -469 -296 -478 0
400 478 0
446 478 0
469 478 0
296 478 0
-402 -448 -470 -300 -479 0
402 479 0
448 479 0
470 479 0
300 479 0
-403 -450 -471 -304 -480 0
403 480 0
450 480 0
471 480 0
304 480 0
-404 -452 -472 -308 -481 0
404 481 0
452 481 0
472 481 0
308 481 0
-405 -453 -473 -312 -482 0
405 482 0
453 482 0
473 482 0
312 482 0
-406 -454 -474 -316 -483 0
406 483 0
454 483 0
474 483 0
316 483 0
-407 -455 -475 -320 -484 0
407 484 0
455 484 0
475 484 0
320 484 0
476 485 0
-476 -485 0
-477 -478 -479 -480 -481 -482 -483 -484 486 0
477 -486 0
478 -486 0
479 -486 0
480 -486 0
481 -486 0
482 -486 0
483 -486 0
484 -486 0
479 487 0
-479 -487 0
481 488 0
-481 -488 0
482 489 0
-482 -489 0
483 490 0
-483 -490 0
485 486 338 0
-485 -338 0
-486 -338 0
-478 -487 -491 0
478 491 0
487 491 0
-478 -479 -488 -480 -492 0
478 492 0
479 492 0
488 492 0
480 492 0
-480 -479 -489 -493 0
480 493 0
479 493 0
489 493 0
-478 -479 -482 -490 -494 0
478 494 0
479 494 0
482 494 0
490 494 0
-477 -478 -491 -480 -339 0
477 339 0
478 339 0
491 339 0
480 339 0
-477 -478 -492 -493 -340 0
477 340 0
478 340 0
492 340 0
493 340 0
-477 -491 -492 -494 -341 0
477 341 0
491 341 0
492 341 0
494 341 0
c Force PIs of 2 ckts to be the same:
1 -287 0
-1 287 0
2 -288 0
-2 288 0
3 -289 0
-3 289 0
4 -290 0
-4 290 0
5 -291 0
-5 291 0
6 -292 0
-6 292 0
7 -293 0
-7 293 0
8 -294 0
-8 294 0
9 -295 0
-9 295 0
10 -296 0
-10 296 0
11 -297 0
-11 297 0
12 -298 0
-12 298 0
13 -299 0
-13 299 0
14 -300 0
-14 300 0
15 -301 0
-15 301 0
16 -302 0
-16 302 0
17 -303 0
-17 303 0
18 -304 0
-18 304 0
19 -305 0
-19 305 0
20 -306 0
-20 306 0
21 -307 0
-21 307 0
22 -308 0
-22 308 0
23 -309 0
-23 309 0
24 -310 0
-24 310 0
25 -311 0
-25 311 0
26 -312 0
-26 312 0
27 -313 0
-27 313 0
28 -314 0
-28 314 0
29 -315 0
-29 315 0
30 -316 0
-30 316 0
31 -317 0
-31 317 0
32 -318 0
-32 318 0
33 -319 0
-33 319 0
34 -320 0
-34 320 0
35 -321 0
-35 321 0
36 -322 0
-36 322 0
