1 46 0
-1 -46 0
2 47 0
-2 -47 0
4 48 0
-4 -48 0
6 49 0
-6 -49 0
8 50 0
-8 -50 0
10 51 0
-10 -51 0
12 52 0
-12 -52 0
14 53 0
-14 -53 0
16 54 0
-16 -54 0
18 55 0
-18 -55 0
20 56 0
-20 -56 0
22 57 0
-22 -57 0
24 58 0
-24 -58 0
26 59 0
-26 -59 0
28 60 0
-28 -60 0
30 61 0
-30 -61 0
32 62 0
-32 -62 0
34 63 0
-34 -63 0
-46 -2 -64 0
46 64 0
2 64 0
3 47 65 0
-3 -65 0
-47 -65 0
5 47 66 0
-5 -66 0
-47 -66 0
-48 -6 -67 0
48 67 0
6 67 0
-50 -10 -68 0
50 68 0
10 68 0
-52 -14 -69 0
52 69 0
14 69 0
-54 -18 -70 0
54 70 0
18 70 0
-56 -22 -71 0
56 71 0
22 71 0
-58 -26 -72 0
58 72 0
26 72 0
-60 -30 -73 0
60 73 0
30 73 0
-62 -34 -74 0
62 74 0
34 74 0
7 49 75 0
-7 -75 0
-49 -75 0
9 49 76 0
-9 -76 0
-49 -76 0
11 51 77 0
-11 -77 0
-51 -77 0
13 51 78 0
-13 -78 0
-51 -78 0
15 53 79 0
-15 -79 0
-53 -79 0
17 53 80 0
-17 -80 0
-53 -80 0
19 55 81 0
-19 -81 0
-55 -81 0
21 55 82 0
-21 -82 0
-55 -82 0
23 57 83 0
-23 -83 0
-57 -83 0
25 57 84 0
-25 -84 0
-57 -84 0
27 59 85 0
-27 -85 0
-59 -85 0
29 59 86 0
-29 -86 0
-59 -86 0
31 61 87 0
-31 -87 0
-61 -87 0
33 61 88 0
-33 -88 0
-61 -88 0
35 63 89 0
-35 -89 0
-63 -89 0
36 63 90 0
-36 -90 0
-63 -90 0
-64 -67 -68 -69 -70 -71 -72 -73 -74 91 0
64 -91 0
67 -91 0
68 -91 0
69 -91 0
70 -91 0
71 -91 0
72 -91 0
73 -91 0
74 -91 0
91 92 0
-91 -92 0
91 93 0
-91 -93 0
91 39 0
-91 -39 0
-92 -64 -94 0
92 64 -94 0
92 -64 94 0
-92 64 94 0
-92 -67 -95 0
92 67 -95 0
92 -67 95 0
-92 67 95 0
-92 -68 -96 0
92 68 -96 0
92 -68 96 0
-92 68 96 0
-92 -69 -97 0
92 69 -97 0
92 -69 97 0
-92 69 97 0
-92 -70 -98 0
92 70 -98 0
92 -70 98 0
-92 70 98 0
-92 -71 -99 0
92 71 -99 0
92 -71 99 0
-92 71 99 0
-1 -93 -100 0
1 100 0
93 100 0
-92 -72 -101 0
92 72 -101 0
92 -72 101 0
-92 72 101 0
-93 -4 -102 0
93 102 0
4 102 0
-92 -73 -103 0
92 73 -103 0
92 -73 103 0
-92 73 103 0
-93 -8 -104 0
93 104 0
8 104 0
-92 -74 -105 0
92 74 -105 0
92 -74 105 0
-92 74 105 0
-93 -12 -106 0
93 106 0
12 106 0
-93 -16 -107 0
93 107 0
16 107 0
-93 -20 -108 0
93 108 0
20 108 0
-93 -24 -109 0
93 109 0
24 109 0
-93 -28 -110 0
93 110 0
28 110 0
-93 -32 -111 0
93 111 0
32 111 0
-94 -65 -112 0
94 112 0
65 112 0
-94 -66 -113 0
94 113 0
66 113 0
-95 -75 -114 0
95 114 0
75 114 0
-96 -77 -115 0
96 115 0
77 115 0
-97 -79 -116 0
97 116 0
79 116 0
-98 -81 -117 0
98 117 0
81 117 0
-99 -83 -118 0
99 118 0
83 118 0
-101 -85 -119 0
101 119 0
85 119 0
-103 -87 -120 0
103 120 0
87 120 0
-105 -89 -121 0
105 121 0
89 121 0
-95 -76 -122 0
95 122 0
76 122 0
-96 -78 -123 0
96 123 0
78 123 0
-97 -80 -124 0
97 124 0
80 124 0
-98 -82 -125 0
98 125 0
82 125 0
-99 -84 -126 0
99 126 0
84 126 0
-101 -86 -127 0
101 127 0
86 127 0
-103 -88 -128 0
103 128 0
88 128 0
-105 -90 -129 0
105 129 0
90 129 0
-112 -114 -115 -116 -117 -118 -119 -120 -121 130 0
112 -130 0
114 -130 0
115 -130 0
116 -130 0
117 -130 0
118 -130 0
119 -130 0
120 -130 0
121 -130 0
113 131 0
-113 -131 0
122 132 0
-122 -132 0
123 133 0
-123 -133 0
124 134 0
-124 -134 0
125 135 0
-125 -135 0
126 136 0
-126 -136 0
127 137 0
-127 -137 0
128 138 0
-128 -138 0
129 139 0
-129 -139 0
130 140 0
-130 -140 0
130 141 0
-130 -141 0
130 40 0
-130 -40 0
-140 -112 -142 0
140 112 -142 0
140 -112 142 0
-140 112 142 0
-140 -114 -143 0
140 114 -143 0
140 -114 143 0
-140 114 143 0
-140 -115 -144 0
140 115 -144 0
140 -115 144 0
-140 115 144 0
-140 -116 -145 0
140 116 -145 0
140 -116 145 0
-140 116 145 0
-3 -141 -146 0
3 146 0
141 146 0
-117 -140 -199 0
117 140 -199 0
117 -140 199 0
-117 140 199 0
-199 -37 -200 0
199 200 0
37 200 0
-117 -140 201 0
117 -201 0
140 -201 0
37 202 0
-37 -202 0
38 203 0
-38 -203 0
-203 -202 -204 0
203 204 0
202 204 0
204 201 205 0
-204 -205 0
-201 -205 0
140 206 0
-140 -206 0
117 207 0
-117 -207 0
-207 -206 -208 0
207 208 0
206 208 0
-38 -202 -209 0
38 209 0
202 209 0
209 208 210 0
-209 -210 0
-208 -210 0
210 205 211 0
-210 -211 0
-205 -211 0
-211 -200 -147 0
211 147 0
200 147 0
-141 -7 -148 0
141 148 0
7 148 0
-140 -118 -149 0
140 118 -149 0
140 -118 149 0
-140 118 149 0
-141 -11 -150 0
141 150 0
11 150 0
-140 -119 -151 0
140 119 -151 0
140 -119 151 0
-140 119 151 0
-141 -15 -152 0
141 152 0
15 152 0
-140 -120 -153 0
140 120 -153 0
140 -120 153 0
-140 120 153 0
-141 -19 -154 0
141 154 0
19 154 0
-140 -121 -155 0
140 121 -155 0
140 -121 155 0
-140 121 155 0
-141 -23 -156 0
141 156 0
23 156 0
-141 -27 -157 0
141 157 0
27 157 0
-141 -31 -158 0
141 158 0
31 158 0
-141 -35 -159 0
141 159 0
35 159 0
-142 -131 -160 0
142 160 0
131 160 0
-143 -132 -161 0
143 161 0
132 161 0
-144 -133 -162 0
144 162 0
133 162 0
-145 -134 -163 0
145 163 0
134 163 0
-147 -135 -164 0
147 164 0
135 164 0
-149 -136 -165 0
149 165 0
136 165 0
-151 -137 -166 0
151 166 0
137 166 0
-153 -138 -167 0
153 167 0
138 167 0
-155 -139 -168 0
155 168 0
139 168 0
-160 -161 -162 -163 -164 -165 -166 -167 -168 169 0
160 -169 0
161 -169 0
162 -169 0
163 -169 0
164 -169 0
165 -169 0
166 -169 0
167 -169 0
168 -169 0
169 170 0
-169 -170 0
169 41 0
-169 -41 0
-5 -170 -171 0
5 171 0
170 171 0
-170 -9 -172 0
170 172 0
9 172 0
-170 -13 -173 0
170 173 0
13 173 0
-170 -17 -174 0
170 174 0
17 174 0
-170 -21 -175 0
170 175 0
21 175 0
-170 -25 -176 0
170 176 0
25 176 0
-170 -29 -177 0
170 177 0
29 177 0
-170 -33 -178 0
170 178 0
33 178 0
-170 -36 -179 0
170 179 0
36 179 0
-2 -100 -146 -171 -180 0
2 180 0
100 180 0
146 180 0
171 180 0
-102 -148 -172 -6 -181 0
102 181 0
148 181 0
172 181 0
6 181 0
-104 -150 -173 -10 -182 0
104 182 0
150 182 0
173 182 0
10 182 0
-106 -152 -174 -14 -183 0
106 183 0
152 183 0
174 183 0
14 183 0
-107 -154 -175 -18 -184 0
107 184 0
154 184 0
175 184 0
18 184 0
-108 -156 -176 -22 -185 0
108 185 0
156 185 0
176 185 0
22 185 0
-109 -157 -177 -26 -186 0
109 186 0
157 186 0
177 186 0
26 186 0
-110 -158 -178 -30 -187 0
110 187 0
158 187 0
178 187 0
30 187 0
-111 -159 -179 -34 -188 0
111 188 0
159 188 0
179 188 0
34 188 0
180 189 0
-180 -189 0
-181 -182 -183 -184 -185 -186 -187 -188 190 0
181 -190 0
182 -190 0
183 -190 0
184 -190 0
185 -190 0
186 -190 0
187 -190 0
188 -190 0
183 191 0
-183 -191 0
185 192 0
-185 -192 0
186 193 0
-186 -193 0
187 194 0
-187 -194 0
189 190 42 0
-189 -42 0
-190 -42 0
-182 -191 -195 0
182 195 0
191 195 0
-182 -183 -192 -184 -196 0
182 196 0
183 196 0
192 196 0
184 196 0
-184 -183 -193 -197 0
184 197 0
183 197 0
193 197 0
-182 -183 -186 -194 -198 0
182 198 0
183 198 0
186 198 0
194 198 0
-181 -182 -195 -184 -43 0
181 43 0
182 43 0
195 43 0
184 43 0
-181 -182 -196 -197 -44 0
181 44 0
182 44 0
196 44 0
197 44 0
-181 -195 -196 -198 -45 0
181 45 0
195 45 0
196 45 0
198 45 0
c The second camouflage circuit:
212 257 0
-212 -257 0
213 258 0
-213 -258 0
215 259 0
-215 -259 0
217 260 0
-217 -260 0
219 261 0
-219 -261 0
221 262 0
-221 -262 0
223 263 0
-223 -263 0
225 264 0
-225 -264 0
227 265 0
-227 -265 0
229 266 0
-229 -266 0
231 267 0
-231 -267 0
233 268 0
-233 -268 0
235 269 0
-235 -269 0
237 270 0
-237 -270 0
239 271 0
-239 -271 0
241 272 0
-241 -272 0
243 273 0
-243 -273 0
245 274 0
-245 -274 0
-257 -213 -275 0
257 275 0
213 275 0
214 258 276 0
-214 -276 0
-258 -276 0
216 258 277 0
-216 -277 0
-258 -277 0
-259 -217 -278 0
259 278 0
217 278 0
-261 -221 -279 0
261 279 0
221 279 0
-263 -225 -280 0
263 280 0
225 280 0
-265 -229 -281 0
265 281 0
229 281 0
-267 -233 -282 0
267 282 0
233 282 0
-269 -237 -283 0
269 283 0
237 283 0
-271 -241 -284 0
271 284 0
241 284 0
-273 -245 -285 0
273 285 0
245 285 0
218 260 286 0
-218 -286 0
-260 -286 0
220 260 287 0
-220 -287 0
-260 -287 0
222 262 288 0
-222 -288 0
-262 -288 0
224 262 289 0
-224 -289 0
-262 -289 0
226 264 290 0
-226 -290 0
-264 -290 0
228 264 291 0
-228 -291 0
-264 -291 0
230 266 292 0
-230 -292 0
-266 -292 0
232 266 293 0
-232 -293 0
-266 -293 0
234 268 294 0
-234 -294 0
-268 -294 0
236 268 295 0
-236 -295 0
-268 -295 0
238 270 296 0
-238 -296 0
-270 -296 0
240 270 297 0
-240 -297 0
-270 -297 0
242 272 298 0
-242 -298 0
-272 -298 0
244 272 299 0
-244 -299 0
-272 -299 0
246 274 300 0
-246 -300 0
-274 -300 0
247 274 301 0
-247 -301 0
-274 -301 0
-275 -278 -279 -280 -281 -282 -283 -284 -285 302 0
275 -302 0
278 -302 0
279 -302 0
280 -302 0
281 -302 0
282 -302 0
283 -302 0
284 -302 0
285 -302 0
302 303 0
-302 -303 0
302 304 0
-302 -304 0
302 250 0
-302 -250 0
-303 -275 -305 0
303 275 -305 0
303 -275 305 0
-303 275 305 0
-303 -278 -306 0
303 278 -306 0
303 -278 306 0
-303 278 306 0
-303 -279 -307 0
303 279 -307 0
303 -279 307 0
-303 279 307 0
-303 -280 -308 0
303 280 -308 0
303 -280 308 0
-303 280 308 0
-303 -281 -309 0
303 281 -309 0
303 -281 309 0
-303 281 309 0
-303 -282 -310 0
303 282 -310 0
303 -282 310 0
-303 282 310 0
-212 -304 -311 0
212 311 0
304 311 0
-303 -283 -312 0
303 283 -312 0
303 -283 312 0
-303 283 312 0
-304 -215 -313 0
304 313 0
215 313 0
-303 -284 -314 0
303 284 -314 0
303 -284 314 0
-303 284 314 0
-304 -219 -315 0
304 315 0
219 315 0
-303 -285 -316 0
303 285 -316 0
303 -285 316 0
-303 285 316 0
-304 -223 -317 0
304 317 0
223 317 0
-304 -227 -318 0
304 318 0
227 318 0
-304 -231 -319 0
304 319 0
231 319 0
-304 -235 -320 0
304 320 0
235 320 0
-304 -239 -321 0
304 321 0
239 321 0
-304 -243 -322 0
304 322 0
243 322 0
-305 -276 -323 0
305 323 0
276 323 0
-305 -277 -324 0
305 324 0
277 324 0
-306 -286 -325 0
306 325 0
286 325 0
-307 -288 -326 0
307 326 0
288 326 0
-308 -290 -327 0
308 327 0
290 327 0
-309 -292 -328 0
309 328 0
292 328 0
-310 -294 -329 0
310 329 0
294 329 0
-312 -296 -330 0
312 330 0
296 330 0
-314 -298 -331 0
314 331 0
298 331 0
-316 -300 -332 0
316 332 0
300 332 0
-306 -287 -333 0
306 333 0
287 333 0
-307 -289 -334 0
307 334 0
289 334 0
-308 -291 -335 0
308 335 0
291 335 0
-309 -293 -336 0
309 336 0
293 336 0
-310 -295 -337 0
310 337 0
295 337 0
-312 -297 -338 0
312 338 0
297 338 0
-314 -299 -339 0
314 339 0
299 339 0
-316 -301 -340 0
316 340 0
301 340 0
-323 -325 -326 -327 -328 -329 -330 -331 -332 341 0
323 -341 0
325 -341 0
326 -341 0
327 -341 0
328 -341 0
329 -341 0
330 -341 0
331 -341 0
332 -341 0
324 342 0
-324 -342 0
333 343 0
-333 -343 0
334 344 0
-334 -344 0
335 345 0
-335 -345 0
336 346 0
-336 -346 0
337 347 0
-337 -347 0
338 348 0
-338 -348 0
339 349 0
-339 -349 0
340 350 0
-340 -350 0
341 351 0
-341 -351 0
341 352 0
-341 -352 0
341 251 0
-341 -251 0
-351 -323 -353 0
351 323 -353 0
351 -323 353 0
-351 323 353 0
-351 -325 -354 0
351 325 -354 0
351 -325 354 0
-351 325 354 0
-351 -326 -355 0
351 326 -355 0
351 -326 355 0
-351 326 355 0
-351 -327 -356 0
351 327 -356 0
351 -327 356 0
-351 327 356 0
-214 -352 -357 0
214 357 0
352 357 0
-328 -351 -410 0
328 351 -410 0
328 -351 410 0
-328 351 410 0
-410 -248 -411 0
410 411 0
248 411 0
-328 -351 412 0
328 -412 0
351 -412 0
248 413 0
-248 -413 0
249 414 0
-249 -414 0
-414 -413 -415 0
414 415 0
413 415 0
415 412 416 0
-415 -416 0
-412 -416 0
351 417 0
-351 -417 0
328 418 0
-328 -418 0
-418 -417 -419 0
418 419 0
417 419 0
-249 -413 -420 0
249 420 0
413 420 0
420 419 421 0
-420 -421 0
-419 -421 0
421 416 422 0
-421 -422 0
-416 -422 0
-422 -411 -358 0
422 358 0
411 358 0
-352 -218 -359 0
352 359 0
218 359 0
-351 -329 -360 0
351 329 -360 0
351 -329 360 0
-351 329 360 0
-352 -222 -361 0
352 361 0
222 361 0
-351 -330 -362 0
351 330 -362 0
351 -330 362 0
-351 330 362 0
-352 -226 -363 0
352 363 0
226 363 0
-351 -331 -364 0
351 331 -364 0
351 -331 364 0
-351 331 364 0
-352 -230 -365 0
352 365 0
230 365 0
-351 -332 -366 0
351 332 -366 0
351 -332 366 0
-351 332 366 0
-352 -234 -367 0
352 367 0
234 367 0
-352 -238 -368 0
352 368 0
238 368 0
-352 -242 -369 0
352 369 0
242 369 0
-352 -246 -370 0
352 370 0
246 370 0
-353 -342 -371 0
353 371 0
342 371 0
-354 -343 -372 0
354 372 0
343 372 0
-355 -344 -373 0
355 373 0
344 373 0
-356 -345 -374 0
356 374 0
345 374 0
-358 -346 -375 0
358 375 0
346 375 0
-360 -347 -376 0
360 376 0
347 376 0
-362 -348 -377 0
362 377 0
348 377 0
-364 -349 -378 0
364 378 0
349 378 0
-366 -350 -379 0
366 379 0
350 379 0
-371 -372 -373 -374 -375 -376 -377 -378 -379 380 0
371 -380 0
372 -380 0
373 -380 0
374 -380 0
375 -380 0
376 -380 0
377 -380 0
378 -380 0
379 -380 0
380 381 0
-380 -381 0
380 252 0
-380 -252 0
-216 -381 -382 0
216 382 0
381 382 0
-381 -220 -383 0
381 383 0
220 383 0
-381 -224 -384 0
381 384 0
224 384 0
-381 -228 -385 0
381 385 0
228 385 0
-381 -232 -386 0
381 386 0
232 386 0
-381 -236 -387 0
381 387 0
236 387 0
-381 -240 -388 0
381 388 0
240 388 0
-381 -244 -389 0
381 389 0
244 389 0
-381 -247 -390 0
381 390 0
247 390 0
-213 -311 -357 -382 -391 0
213 391 0
311 391 0
357 391 0
382 391 0
-313 -359 -383 -217 -392 0
313 392 0
359 392 0
383 392 0
217 392 0
-315 -361 -384 -221 -393 0
315 393 0
361 393 0
384 393 0
221 393 0
-317 -363 -385 -225 -394 0
317 394 0
363 394 0
385 394 0
225 394 0
-318 -365 -386 -229 -395 0
318 395 0
365 395 0
386 395 0
229 395 0
-319 -367 -387 -233 -396 0
319 396 0
367 396 0
387 396 0
233 396 0
-320 -368 -388 -237 -397 0
320 397 0
368 397 0
388 397 0
237 397 0
-321 -369 -389 -241 -398 0
321 398 0
369 398 0
389 398 0
241 398 0
-322 -370 -390 -245 -399 0
322 399 0
370 399 0
390 399 0
245 399 0
391 400 0
-391 -400 0
-392 -393 -394 -395 -396 -397 -398 -399 401 0
392 -401 0
393 -401 0
394 -401 0
395 -401 0
396 -401 0
397 -401 0
398 -401 0
399 -401 0
394 402 0
-394 -402 0
396 403 0
-396 -403 0
397 404 0
-397 -404 0
398 405 0
-398 -405 0
400 401 253 0
-400 -253 0
-401 -253 0
-393 -402 -406 0
393 406 0
402 406 0
-393 -394 -403 -395 -407 0
393 407 0
394 407 0
403 407 0
395 407 0
-395 -394 -404 -408 0
395 408 0
394 408 0
404 408 0
-393 -394 -397 -405 -409 0
393 409 0
394 409 0
397 409 0
405 409 0
-392 -393 -406 -395 -254 0
392 254 0
393 254 0
406 254 0
395 254 0
-392 -393 -407 -408 -255 0
392 255 0
393 255 0
407 255 0
408 255 0
-392 -406 -407 -409 -256 0
392 256 0
406 256 0
407 256 0
409 256 0
