------The found PI vector that differentiate CB
37	38	39	40	41	42	43	44	45	46	47	48	49	50	51	52	53	54	55	56	57	58	59	60	61	62	63	64	65	66	67	68	69	70	71	72	73	74	75	76	77	78	79	80	81	82	83	84	85	86	87	88	89	90	91	92	93	94	95	96	97	98	99	100	101	102	103	104	105	106	107	108	109	110	111	112	113	114	115	116	117	118	
1	1	0	0	0	0	0	1	0	1	0	0	0	1	1	0	0	1	1	0	1	0	1	0	1	0	0	1	1	0	0	1	1	1	0	0	1	0	1	0	0	1	0	1	0	1	1	0	0	0	0	1	0	0	0	0	0	1	1	0	0	0	0	0	0	1	0	1	0	1	1	0	0	1	1	0	0	1	0	1	1	0	

------with
848	849	850	851	852	853	854	855	856	857	858	859	860	861	862	863	864	865	866	867	868	869	870	871	872	873	874	875	876	877	878	879	880	881	882	883	884	885	886	887	888	889	890	891	892	893	894	895	896	897	898	899	900	901	902	903	904	905	906	907	908	909	910	911	912	913	914	915	916	917	918	919	920	921	922	923	924	925	926	927	928	929	
1	1	0	0	1	0	0	1	0	1	1	0	0	1	1	0	1	0	1	0	0	1	1	0	0	0	0	1	1	0	0	1	0	1	0	1	0	0	0	0	0	1	0	1	0	1	1	0	0	1	0	1	1	0	0	1	0	1	1	0	0	0	1	1	1	0	0	1	0	1	0	1	0	0	0	1	1	0	1	0	1	0	

-----is
1	2	3	4	5	6	7	8	9	10	11	12	13	14	15	16	17	18	19	20	21	22	23	24	25	26	27	28	29	30	31	32	33	34	35	36	
0	1	1	0	0	1	1	0	0	0	0	0	0	1	1	0	1	1	1	0	1	1	1	0	0	1	1	0	0	1	1	0	0	1	1	0	
The corresponding primary outputs are:
1667	1668	1669	1670	1671	1672	1673	
1	0	1	0	1	1	1	
