431 474 0
-431 -474 0
432 475 0
-432 -475 0
434 476 0
-434 -476 0
436 477 0
-436 -477 0
438 478 0
-438 -478 0
440 479 0
-440 -479 0
442 480 0
-442 -480 0
444 481 0
-444 -481 0
446 482 0
-446 -482 0
448 483 0
-448 -483 0
450 484 0
-450 -484 0
452 485 0
-452 -485 0
454 486 0
-454 -486 0
456 487 0
-456 -487 0
458 488 0
-458 -488 0
460 489 0
-460 -489 0
462 490 0
-462 -490 0
464 491 0
-464 -491 0
-474 -432 -492 0
474 492 0
432 492 0
433 475 493 0
-433 -493 0
-475 -493 0
435 475 494 0
-435 -494 0
-475 -494 0
-476 -436 -495 0
476 495 0
436 495 0
-478 -440 -496 0
478 496 0
440 496 0
-480 -444 -497 0
480 497 0
444 497 0
-482 -448 -498 0
482 498 0
448 498 0
-484 -452 -499 0
484 499 0
452 499 0
-486 -456 -500 0
486 500 0
456 500 0
-488 -460 -501 0
488 501 0
460 501 0
-490 -464 -502 0
490 502 0
464 502 0
437 477 503 0
-437 -503 0
-477 -503 0
439 477 504 0
-439 -504 0
-477 -504 0
441 479 505 0
-441 -505 0
-479 -505 0
443 479 506 0
-443 -506 0
-479 -506 0
445 481 507 0
-445 -507 0
-481 -507 0
447 481 508 0
-447 -508 0
-481 -508 0
449 483 509 0
-449 -509 0
-483 -509 0
451 483 510 0
-451 -510 0
-483 -510 0
453 485 511 0
-453 -511 0
-485 -511 0
455 485 512 0
-455 -512 0
-485 -512 0
457 487 513 0
-457 -513 0
-487 -513 0
459 487 514 0
-459 -514 0
-487 -514 0
461 489 515 0
-461 -515 0
-489 -515 0
463 489 516 0
-463 -516 0
-489 -516 0
465 491 517 0
-465 -517 0
-491 -517 0
466 491 518 0
-466 -518 0
-491 -518 0
-492 -495 -496 -497 -498 -499 -500 -501 -502 519 0
492 -519 0
495 -519 0
496 -519 0
497 -519 0
498 -519 0
499 -519 0
500 -519 0
501 -519 0
502 -519 0
519 520 0
-519 -520 0
519 521 0
-519 -521 0
519 467 0
-519 -467 0
-520 -492 -522 0
520 492 -522 0
520 -492 522 0
-520 492 522 0
-520 -495 -523 0
520 495 -523 0
520 -495 523 0
-520 495 523 0
-520 -496 -524 0
520 496 -524 0
520 -496 524 0
-520 496 524 0
-520 -497 -525 0
520 497 -525 0
520 -497 525 0
-520 497 525 0
-520 -498 -526 0
520 498 -526 0
520 -498 526 0
-520 498 526 0
-520 -499 -527 0
520 499 -527 0
520 -499 527 0
-520 499 527 0
-431 -521 -528 0
431 528 0
521 528 0
-520 -500 -529 0
520 500 -529 0
520 -500 529 0
-520 500 529 0
-521 -434 -530 0
521 530 0
434 530 0
-520 -501 -531 0
520 501 -531 0
520 -501 531 0
-520 501 531 0
-521 -438 -532 0
521 532 0
438 532 0
-520 -502 -533 0
520 502 -533 0
520 -502 533 0
-520 502 533 0
-521 -442 -534 0
521 534 0
442 534 0
-521 -446 -535 0
521 535 0
446 535 0
-521 -450 -536 0
521 536 0
450 536 0
-521 -454 -537 0
521 537 0
454 537 0
-521 -458 -538 0
521 538 0
458 538 0
-521 -462 -539 0
521 539 0
462 539 0
-522 -493 -540 0
522 540 0
493 540 0
-522 -494 -541 0
522 541 0
494 541 0
-523 -503 -542 0
523 542 0
503 542 0
-524 -505 -543 0
524 543 0
505 543 0
-525 -507 -544 0
525 544 0
507 544 0
-526 -509 -545 0
526 545 0
509 545 0
-527 -511 -546 0
527 546 0
511 546 0
-529 -513 -547 0
529 547 0
513 547 0
-531 -515 -548 0
531 548 0
515 548 0
-533 -517 -549 0
533 549 0
517 549 0
-523 -504 -550 0
523 550 0
504 550 0
-524 -506 -551 0
524 551 0
506 551 0
-525 -508 -552 0
525 552 0
508 552 0
-526 -510 -553 0
526 553 0
510 553 0
-527 -512 -554 0
527 554 0
512 554 0
-529 -514 -555 0
529 555 0
514 555 0
-531 -516 -556 0
531 556 0
516 556 0
-533 -518 -557 0
533 557 0
518 557 0
-540 -542 -543 -544 -545 -546 -547 -548 -549 558 0
540 -558 0
542 -558 0
543 -558 0
544 -558 0
545 -558 0
546 -558 0
547 -558 0
548 -558 0
549 -558 0
541 559 0
-541 -559 0
550 560 0
-550 -560 0
551 561 0
-551 -561 0
552 562 0
-552 -562 0
553 563 0
-553 -563 0
554 564 0
-554 -564 0
555 565 0
-555 -565 0
556 566 0
-556 -566 0
557 567 0
-557 -567 0
558 568 0
-558 -568 0
558 569 0
-558 -569 0
558 468 0
-558 -468 0
-568 -540 -570 0
568 540 -570 0
568 -540 570 0
-568 540 570 0
-568 -542 -571 0
568 542 -571 0
568 -542 571 0
-568 542 571 0
-568 -543 -572 0
568 543 -572 0
568 -543 572 0
-568 543 572 0
-568 -544 -573 0
568 544 -573 0
568 -544 573 0
-568 544 573 0
-433 -569 -574 0
433 574 0
569 574 0
-568 -545 -575 0
568 545 -575 0
568 -545 575 0
-568 545 575 0
-569 -437 -576 0
569 576 0
437 576 0
-568 -546 -577 0
568 546 -577 0
568 -546 577 0
-568 546 577 0
-569 -441 -578 0
569 578 0
441 578 0
-568 -547 -579 0
568 547 -579 0
568 -547 579 0
-568 547 579 0
-569 -445 -580 0
569 580 0
445 580 0
-568 -548 -581 0
568 548 -581 0
568 -548 581 0
-568 548 581 0
-569 -449 -582 0
569 582 0
449 582 0
-568 -549 -583 0
568 549 -583 0
568 -549 583 0
-568 549 583 0
-569 -453 -584 0
569 584 0
453 584 0
-569 -457 -585 0
569 585 0
457 585 0
-569 -461 -586 0
569 586 0
461 586 0
-569 -465 -587 0
569 587 0
465 587 0
-570 -559 -588 0
570 588 0
559 588 0
-571 -560 -589 0
571 589 0
560 589 0
-572 -561 -590 0
572 590 0
561 590 0
-573 -562 -591 0
573 591 0
562 591 0
-575 -563 -592 0
575 592 0
563 592 0
-577 -564 -593 0
577 593 0
564 593 0
-579 -565 -594 0
579 594 0
565 594 0
-581 -566 -595 0
581 595 0
566 595 0
-583 -567 -596 0
583 596 0
567 596 0
-588 -589 -590 -591 -592 -593 -594 -595 -596 597 0
588 -597 0
589 -597 0
590 -597 0
591 -597 0
592 -597 0
593 -597 0
594 -597 0
595 -597 0
596 -597 0
597 598 0
-597 -598 0
597 469 0
-597 -469 0
-435 -598 -599 0
435 599 0
598 599 0
-598 -439 -600 0
598 600 0
439 600 0
-598 -443 -601 0
598 601 0
443 601 0
-598 -447 -602 0
598 602 0
447 602 0
-598 -451 -603 0
598 603 0
451 603 0
-598 -455 -604 0
598 604 0
455 604 0
-598 -459 -605 0
598 605 0
459 605 0
-598 -463 -606 0
598 606 0
463 606 0
-598 -466 -607 0
598 607 0
466 607 0
-432 -528 -574 -599 -608 0
432 608 0
528 608 0
574 608 0
599 608 0
-530 -576 -600 -436 -609 0
530 609 0
576 609 0
600 609 0
436 609 0
-532 -578 -601 -440 -610 0
532 610 0
578 610 0
601 610 0
440 610 0
-534 -580 -602 -444 -611 0
534 611 0
580 611 0
602 611 0
444 611 0
-535 -582 -603 -448 -612 0
535 612 0
582 612 0
603 612 0
448 612 0
-536 -584 -604 -452 -613 0
536 613 0
584 613 0
604 613 0
452 613 0
-537 -585 -605 -456 -614 0
537 614 0
585 614 0
605 614 0
456 614 0
-538 -586 -606 -460 -615 0
538 615 0
586 615 0
606 615 0
460 615 0
-539 -587 -607 -464 -616 0
539 616 0
587 616 0
607 616 0
464 616 0
608 617 0
-608 -617 0
-609 -610 -611 -612 -613 -614 -615 -616 618 0
609 -618 0
610 -618 0
611 -618 0
612 -618 0
613 -618 0
614 -618 0
615 -618 0
616 -618 0
611 619 0
-611 -619 0
613 620 0
-613 -620 0
614 621 0
-614 -621 0
615 622 0
-615 -622 0
617 618 470 0
-617 -470 0
-618 -470 0
-610 -619 -623 0
610 623 0
619 623 0
-610 -611 -620 -612 -624 0
610 624 0
611 624 0
620 624 0
612 624 0
-612 -611 -621 -625 0
612 625 0
611 625 0
621 625 0
-610 -611 -614 -622 -626 0
610 626 0
611 626 0
614 626 0
622 626 0
-609 -610 -623 -612 -471 0
609 471 0
610 471 0
623 471 0
612 471 0
-609 -610 -624 -625 -472 0
609 472 0
610 472 0
624 472 0
625 472 0
-609 -623 -624 -626 -473 0
609 473 0
623 473 0
624 473 0
626 473 0
