1 126 0
-1 -126 0
2 127 0
-2 -127 0
4 128 0
-4 -128 0
6 129 0
-6 -129 0
8 130 0
-8 -130 0
10 131 0
-10 -131 0
12 132 0
-12 -132 0
14 133 0
-14 -133 0
16 134 0
-16 -134 0
18 135 0
-18 -135 0
20 136 0
-20 -136 0
22 137 0
-22 -137 0
24 138 0
-24 -138 0
26 139 0
-26 -139 0
28 140 0
-28 -140 0
30 141 0
-30 -141 0
32 142 0
-32 -142 0
34 143 0
-34 -143 0
-2 -126 -773 0
2 126 -773 0
2 -126 773 0
-2 126 773 0
-773 -113 -774 0
773 774 0
113 774 0
-2 -126 775 0
2 -775 0
126 -775 0
113 776 0
-113 -776 0
114 777 0
-114 -777 0
-777 -776 -778 0
777 778 0
776 778 0
778 775 779 0
-778 -779 0
-775 -779 0
126 780 0
-126 -780 0
2 781 0
-2 -781 0
-781 -780 -782 0
781 782 0
780 782 0
-114 -776 -783 0
114 783 0
776 783 0
783 782 784 0
-783 -784 0
-782 -784 0
784 779 785 0
-784 -785 0
-779 -785 0
-785 -774 -144 0
785 144 0
774 144 0
-127 -3 -721 0
127 3 -721 0
127 -3 721 0
-127 3 721 0
-721 -105 -722 0
721 722 0
105 722 0
-127 -3 723 0
127 -723 0
3 -723 0
105 724 0
-105 -724 0
106 725 0
-106 -725 0
-725 -724 -726 0
725 726 0
724 726 0
726 723 727 0
-726 -727 0
-723 -727 0
3 728 0
-3 -728 0
127 729 0
-127 -729 0
-729 -728 -730 0
729 730 0
728 730 0
-106 -724 -731 0
106 731 0
724 731 0
731 730 732 0
-731 -732 0
-730 -732 0
732 727 733 0
-732 -733 0
-727 -733 0
-733 -722 -145 0
733 145 0
722 145 0
-127 -5 -396 0
127 5 -396 0
127 -5 396 0
-127 5 396 0
-396 -55 -397 0
396 397 0
55 397 0
-127 -5 398 0
127 -398 0
5 -398 0
55 399 0
-55 -399 0
56 400 0
-56 -400 0
-400 -399 -401 0
400 401 0
399 401 0
401 398 402 0
-401 -402 0
-398 -402 0
5 403 0
-5 -403 0
127 404 0
-127 -404 0
-404 -403 -405 0
404 405 0
403 405 0
-56 -399 -406 0
56 406 0
399 406 0
406 405 407 0
-406 -407 0
-405 -407 0
407 402 408 0
-407 -408 0
-402 -408 0
-408 -397 -146 0
408 146 0
397 146 0
-6 -128 -799 0
6 128 -799 0
6 -128 799 0
-6 128 799 0
-799 -117 -800 0
799 800 0
117 800 0
-6 -128 801 0
6 -801 0
128 -801 0
117 802 0
-117 -802 0
118 803 0
-118 -803 0
-803 -802 -804 0
803 804 0
802 804 0
804 801 805 0
-804 -805 0
-801 -805 0
128 806 0
-128 -806 0
6 807 0
-6 -807 0
-807 -806 -808 0
807 808 0
806 808 0
-118 -802 -809 0
118 809 0
802 809 0
809 808 810 0
-809 -810 0
-808 -810 0
810 805 811 0
-810 -811 0
-805 -811 0
-811 -800 -147 0
811 147 0
800 147 0
-130 -10 -148 0
130 148 0
10 148 0
-132 -14 -149 0
132 149 0
14 149 0
-18 -134 -344 0
18 134 -344 0
18 -134 344 0
-18 134 344 0
-344 -47 -345 0
344 345 0
47 345 0
-18 -134 346 0
18 -346 0
134 -346 0
47 347 0
-47 -347 0
48 348 0
-48 -348 0
-348 -347 -349 0
348 349 0
347 349 0
349 346 350 0
-349 -350 0
-346 -350 0
134 351 0
-134 -351 0
18 352 0
-18 -352 0
-352 -351 -353 0
352 353 0
351 353 0
-48 -347 -354 0
48 354 0
347 354 0
354 353 355 0
-354 -355 0
-353 -355 0
355 350 356 0
-355 -356 0
-350 -356 0
-356 -345 -150 0
356 150 0
345 150 0
-136 -22 -151 0
136 151 0
22 151 0
-26 -138 -734 0
26 138 -734 0
26 -138 734 0
-26 138 734 0
-734 -107 -735 0
734 735 0
107 735 0
-26 -138 736 0
26 -736 0
138 -736 0
107 737 0
-107 -737 0
108 738 0
-108 -738 0
-738 -737 -739 0
738 739 0
737 739 0
739 736 740 0
-739 -740 0
-736 -740 0
138 741 0
-138 -741 0
26 742 0
-26 -742 0
-742 -741 -743 0
742 743 0
741 743 0
-108 -737 -744 0
108 744 0
737 744 0
744 743 745 0
-744 -745 0
-743 -745 0
745 740 746 0
-745 -746 0
-740 -746 0
-746 -735 -152 0
746 152 0
735 152 0
-140 -30 -153 0
140 153 0
30 153 0
-142 -34 -154 0
142 154 0
34 154 0
-129 -7 -448 0
129 7 -448 0
129 -7 448 0
-129 7 448 0
-448 -63 -449 0
448 449 0
63 449 0
-129 -7 450 0
129 -450 0
7 -450 0
63 451 0
-63 -451 0
64 452 0
-64 -452 0
-452 -451 -453 0
452 453 0
451 453 0
453 450 454 0
-453 -454 0
-450 -454 0
7 455 0
-7 -455 0
129 456 0
-129 -456 0
-456 -455 -457 0
456 457 0
455 457 0
-64 -451 -458 0
64 458 0
451 458 0
458 457 459 0
-458 -459 0
-457 -459 0
459 454 460 0
-459 -460 0
-454 -460 0
-460 -449 -155 0
460 155 0
449 155 0
-129 -9 -578 0
129 9 -578 0
129 -9 578 0
-129 9 578 0
-578 -83 -579 0
578 579 0
83 579 0
-129 -9 580 0
129 -580 0
9 -580 0
83 581 0
-83 -581 0
84 582 0
-84 -582 0
-582 -581 -583 0
582 583 0
581 583 0
583 580 584 0
-583 -584 0
-580 -584 0
9 585 0
-9 -585 0
129 586 0
-129 -586 0
-586 -585 -587 0
586 587 0
585 587 0
-84 -581 -588 0
84 588 0
581 588 0
588 587 589 0
-588 -589 0
-587 -589 0
589 584 590 0
-589 -590 0
-584 -590 0
-590 -579 -156 0
590 156 0
579 156 0
11 131 157 0
-11 -157 0
-131 -157 0
-131 -13 -604 0
131 13 -604 0
131 -13 604 0
-131 13 604 0
-604 -87 -605 0
604 605 0
87 605 0
-131 -13 606 0
131 -606 0
13 -606 0
87 607 0
-87 -607 0
88 608 0
-88 -608 0
-608 -607 -609 0
608 609 0
607 609 0
609 606 610 0
-609 -610 0
-606 -610 0
13 611 0
-13 -611 0
131 612 0
-131 -612 0
-612 -611 -613 0
612 613 0
611 613 0
-88 -607 -614 0
88 614 0
607 614 0
614 613 615 0
-614 -615 0
-613 -615 0
615 610 616 0
-615 -616 0
-610 -616 0
-616 -605 -158 0
616 158 0
605 158 0
-133 -15 -474 0
133 15 -474 0
133 -15 474 0
-133 15 474 0
-474 -67 -475 0
474 475 0
67 475 0
-133 -15 476 0
133 -476 0
15 -476 0
67 477 0
-67 -477 0
68 478 0
-68 -478 0
-478 -477 -479 0
478 479 0
477 479 0
479 476 480 0
-479 -480 0
-476 -480 0
15 481 0
-15 -481 0
133 482 0
-133 -482 0
-482 -481 -483 0
482 483 0
481 483 0
-68 -477 -484 0
68 484 0
477 484 0
484 483 485 0
-484 -485 0
-483 -485 0
485 480 486 0
-485 -486 0
-480 -486 0
-486 -475 -159 0
486 159 0
475 159 0
-133 -17 -318 0
133 17 -318 0
133 -17 318 0
-133 17 318 0
-318 -43 -319 0
318 319 0
43 319 0
-133 -17 320 0
133 -320 0
17 -320 0
43 321 0
-43 -321 0
44 322 0
-44 -322 0
-322 -321 -323 0
322 323 0
321 323 0
323 320 324 0
-323 -324 0
-320 -324 0
17 325 0
-17 -325 0
133 326 0
-133 -326 0
-326 -325 -327 0
326 327 0
325 327 0
-44 -321 -328 0
44 328 0
321 328 0
328 327 329 0
-328 -329 0
-327 -329 0
329 324 330 0
-329 -330 0
-324 -330 0
-330 -319 -160 0
330 160 0
319 160 0
-135 -19 -708 0
135 19 -708 0
135 -19 708 0
-135 19 708 0
-708 -103 -709 0
708 709 0
103 709 0
-135 -19 710 0
135 -710 0
19 -710 0
103 711 0
-103 -711 0
104 712 0
-104 -712 0
-712 -711 -713 0
712 713 0
711 713 0
713 710 714 0
-713 -714 0
-710 -714 0
19 715 0
-19 -715 0
135 716 0
-135 -716 0
-716 -715 -717 0
716 717 0
715 717 0
-104 -711 -718 0
104 718 0
711 718 0
718 717 719 0
-718 -719 0
-717 -719 0
719 714 720 0
-719 -720 0
-714 -720 0
-720 -709 -161 0
720 161 0
709 161 0
21 135 162 0
-21 -162 0
-135 -162 0
23 137 163 0
-23 -163 0
-137 -163 0
25 137 164 0
-25 -164 0
-137 -164 0
27 139 165 0
-27 -165 0
-139 -165 0
-139 -29 -279 0
139 29 -279 0
139 -29 279 0
-139 29 279 0
-279 -37 -280 0
279 280 0
37 280 0
-139 -29 281 0
139 -281 0
29 -281 0
37 282 0
-37 -282 0
38 283 0
-38 -283 0
-283 -282 -284 0
283 284 0
282 284 0
284 281 285 0
-284 -285 0
-281 -285 0
29 286 0
-29 -286 0
139 287 0
-139 -287 0
-287 -286 -288 0
287 288 0
286 288 0
-38 -282 -289 0
38 289 0
282 289 0
289 288 290 0
-289 -290 0
-288 -290 0
290 285 291 0
-290 -291 0
-285 -291 0
-291 -280 -166 0
291 166 0
280 166 0
31 141 167 0
-31 -167 0
-141 -167 0
-141 -33 -461 0
141 33 -461 0
141 -33 461 0
-141 33 461 0
-461 -65 -462 0
461 462 0
65 462 0
-141 -33 463 0
141 -463 0
33 -463 0
65 464 0
-65 -464 0
66 465 0
-66 -465 0
-465 -464 -466 0
465 466 0
464 466 0
466 463 467 0
-466 -467 0
-463 -467 0
33 468 0
-33 -468 0
141 469 0
-141 -469 0
-469 -468 -470 0
469 470 0
468 470 0
-66 -464 -471 0
66 471 0
464 471 0
471 470 472 0
-471 -472 0
-470 -472 0
472 467 473 0
-472 -473 0
-467 -473 0
-473 -462 -168 0
473 168 0
462 168 0
-143 -35 -552 0
143 35 -552 0
143 -35 552 0
-143 35 552 0
-552 -79 -553 0
552 553 0
79 553 0
-143 -35 554 0
143 -554 0
35 -554 0
79 555 0
-79 -555 0
80 556 0
-80 -556 0
-556 -555 -557 0
556 557 0
555 557 0
557 554 558 0
-557 -558 0
-554 -558 0
35 559 0
-35 -559 0
143 560 0
-143 -560 0
-560 -559 -561 0
560 561 0
559 561 0
-80 -555 -562 0
80 562 0
555 562 0
562 561 563 0
-562 -563 0
-561 -563 0
563 558 564 0
-563 -564 0
-558 -564 0
-564 -553 -169 0
564 169 0
553 169 0
36 143 170 0
-36 -170 0
-143 -170 0
-144 -147 -148 -149 -150 -151 -152 -153 -154 171 0
144 -171 0
147 -171 0
148 -171 0
149 -171 0
150 -171 0
151 -171 0
152 -171 0
153 -171 0
154 -171 0
171 172 0
-171 -172 0
171 173 0
-171 -173 0
171 119 0
-171 -119 0
-172 -144 -174 0
172 144 -174 0
172 -144 174 0
-172 144 174 0
-172 -147 -175 0
172 147 -175 0
172 -147 175 0
-172 147 175 0
-148 -172 -292 0
148 172 -292 0
148 -172 292 0
-148 172 292 0
-292 -39 -293 0
292 293 0
39 293 0
-148 -172 294 0
148 -294 0
172 -294 0
39 295 0
-39 -295 0
40 296 0
-40 -296 0
-296 -295 -297 0
296 297 0
295 297 0
297 294 298 0
-297 -298 0
-294 -298 0
172 299 0
-172 -299 0
148 300 0
-148 -300 0
-300 -299 -301 0
300 301 0
299 301 0
-40 -295 -302 0
40 302 0
295 302 0
302 301 303 0
-302 -303 0
-301 -303 0
303 298 304 0
-303 -304 0
-298 -304 0
-304 -293 -176 0
304 176 0
293 176 0
-172 -149 -177 0
172 149 -177 0
172 -149 177 0
-172 149 177 0
-172 -150 -178 0
172 150 -178 0
172 -150 178 0
-172 150 178 0
-172 -151 -179 0
172 151 -179 0
172 -151 179 0
-172 151 179 0
-1 -173 -180 0
1 180 0
173 180 0
-172 -152 -181 0
172 152 -181 0
172 -152 181 0
-172 152 181 0
-173 -4 -182 0
173 182 0
4 182 0
-153 -172 -357 0
153 172 -357 0
153 -172 357 0
-153 172 357 0
-357 -49 -358 0
357 358 0
49 358 0
-153 -172 359 0
153 -359 0
172 -359 0
49 360 0
-49 -360 0
50 361 0
-50 -361 0
-361 -360 -362 0
361 362 0
360 362 0
362 359 363 0
-362 -363 0
-359 -363 0
172 364 0
-172 -364 0
153 365 0
-153 -365 0
-365 -364 -366 0
365 366 0
364 366 0
-50 -360 -367 0
50 367 0
360 367 0
367 366 368 0
-367 -368 0
-366 -368 0
368 363 369 0
-368 -369 0
-363 -369 0
-369 -358 -183 0
369 183 0
358 183 0
-173 -8 -184 0
173 184 0
8 184 0
-172 -154 -185 0
172 154 -185 0
172 -154 185 0
-172 154 185 0
-12 -173 -591 0
12 173 -591 0
12 -173 591 0
-12 173 591 0
-591 -85 -592 0
591 592 0
85 592 0
-12 -173 593 0
12 -593 0
173 -593 0
85 594 0
-85 -594 0
86 595 0
-86 -595 0
-595 -594 -596 0
595 596 0
594 596 0
596 593 597 0
-596 -597 0
-593 -597 0
173 598 0
-173 -598 0
12 599 0
-12 -599 0
-599 -598 -600 0
599 600 0
598 600 0
-86 -594 -601 0
86 601 0
594 601 0
601 600 602 0
-601 -602 0
-600 -602 0
602 597 603 0
-602 -603 0
-597 -603 0
-603 -592 -186 0
603 186 0
592 186 0
-173 -16 -187 0
173 187 0
16 187 0
-173 -20 -188 0
173 188 0
20 188 0
-173 -24 -189 0
173 189 0
24 189 0
-28 -173 -669 0
28 173 -669 0
28 -173 669 0
-28 173 669 0
-669 -97 -670 0
669 670 0
97 670 0
-28 -173 671 0
28 -671 0
173 -671 0
97 672 0
-97 -672 0
98 673 0
-98 -673 0
-673 -672 -674 0
673 674 0
672 674 0
674 671 675 0
-674 -675 0
-671 -675 0
173 676 0
-173 -676 0
28 677 0
-28 -677 0
-677 -676 -678 0
677 678 0
676 678 0
-98 -672 -679 0
98 679 0
672 679 0
679 678 680 0
-679 -680 0
-678 -680 0
680 675 681 0
-680 -681 0
-675 -681 0
-681 -670 -190 0
681 190 0
670 190 0
-32 -173 -409 0
32 173 -409 0
32 -173 409 0
-32 173 409 0
-409 -57 -410 0
409 410 0
57 410 0
-32 -173 411 0
32 -411 0
173 -411 0
57 412 0
-57 -412 0
58 413 0
-58 -413 0
-413 -412 -414 0
413 414 0
412 414 0
414 411 415 0
-414 -415 0
-411 -415 0
173 416 0
-173 -416 0
32 417 0
-32 -417 0
-417 -416 -418 0
417 418 0
416 418 0
-58 -412 -419 0
58 419 0
412 419 0
419 418 420 0
-419 -420 0
-418 -420 0
420 415 421 0
-420 -421 0
-415 -421 0
-421 -410 -191 0
421 191 0
410 191 0
-174 -145 -192 0
174 192 0
145 192 0
-174 -146 -193 0
174 193 0
146 193 0
-175 -155 -194 0
175 194 0
155 194 0
-157 -176 -500 0
157 176 -500 0
157 -176 500 0
-157 176 500 0
-500 -71 -501 0
500 501 0
71 501 0
-157 -176 502 0
157 -502 0
176 -502 0
71 503 0
-71 -503 0
72 504 0
-72 -504 0
-504 -503 -505 0
504 505 0
503 505 0
505 502 506 0
-505 -506 0
-502 -506 0
176 507 0
-176 -507 0
157 508 0
-157 -508 0
-508 -507 -509 0
508 509 0
507 509 0
-72 -503 -510 0
72 510 0
503 510 0
510 509 511 0
-510 -511 0
-509 -511 0
511 506 512 0
-511 -512 0
-506 -512 0
-512 -501 -195 0
512 195 0
501 195 0
-177 -159 -196 0
177 196 0
159 196 0
-178 -161 -197 0
178 197 0
161 197 0
-163 -179 -526 0
163 179 -526 0
163 -179 526 0
-163 179 526 0
-526 -75 -527 0
526 527 0
75 527 0
-163 -179 528 0
163 -528 0
179 -528 0
75 529 0
-75 -529 0
76 530 0
-76 -530 0
-530 -529 -531 0
530 531 0
529 531 0
531 528 532 0
-531 -532 0
-528 -532 0
179 533 0
-179 -533 0
163 534 0
-163 -534 0
-534 -533 -535 0
534 535 0
533 535 0
-76 -529 -536 0
76 536 0
529 536 0
536 535 537 0
-536 -537 0
-535 -537 0
537 532 538 0
-537 -538 0
-532 -538 0
-538 -527 -198 0
538 198 0
527 198 0
-165 -181 -370 0
165 181 -370 0
165 -181 370 0
-165 181 370 0
-370 -51 -371 0
370 371 0
51 371 0
-165 -181 372 0
165 -372 0
181 -372 0
51 373 0
-51 -373 0
52 374 0
-52 -374 0
-374 -373 -375 0
374 375 0
373 375 0
375 372 376 0
-375 -376 0
-372 -376 0
181 377 0
-181 -377 0
165 378 0
-165 -378 0
-378 -377 -379 0
378 379 0
377 379 0
-52 -373 -380 0
52 380 0
373 380 0
380 379 381 0
-380 -381 0
-379 -381 0
381 376 382 0
-381 -382 0
-376 -382 0
-382 -371 -199 0
382 199 0
371 199 0
-183 -167 -200 0
183 200 0
167 200 0
-185 -169 -201 0
185 201 0
169 201 0
-156 -175 -630 0
156 175 -630 0
156 -175 630 0
-156 175 630 0
-630 -91 -631 0
630 631 0
91 631 0
-156 -175 632 0
156 -632 0
175 -632 0
91 633 0
-91 -633 0
92 634 0
-92 -634 0
-634 -633 -635 0
634 635 0
633 635 0
635 632 636 0
-635 -636 0
-632 -636 0
175 637 0
-175 -637 0
156 638 0
-156 -638 0
-638 -637 -639 0
638 639 0
637 639 0
-92 -633 -640 0
92 640 0
633 640 0
640 639 641 0
-640 -641 0
-639 -641 0
641 636 642 0
-641 -642 0
-636 -642 0
-642 -631 -202 0
642 202 0
631 202 0
-158 -176 -695 0
158 176 -695 0
158 -176 695 0
-158 176 695 0
-695 -101 -696 0
695 696 0
101 696 0
-158 -176 697 0
158 -697 0
176 -697 0
101 698 0
-101 -698 0
102 699 0
-102 -699 0
-699 -698 -700 0
699 700 0
698 700 0
700 697 701 0
-700 -701 0
-697 -701 0
176 702 0
-176 -702 0
158 703 0
-158 -703 0
-703 -702 -704 0
703 704 0
702 704 0
-102 -698 -705 0
102 705 0
698 705 0
705 704 706 0
-705 -706 0
-704 -706 0
706 701 707 0
-706 -707 0
-701 -707 0
-707 -696 -203 0
707 203 0
696 203 0
-177 -160 -204 0
177 204 0
160 204 0
-178 -162 -205 0
178 205 0
162 205 0
-179 -164 -206 0
179 206 0
164 206 0
-181 -166 -207 0
181 207 0
166 207 0
-183 -168 -208 0
183 208 0
168 208 0
-170 -185 -487 0
170 185 -487 0
170 -185 487 0
-170 185 487 0
-487 -69 -488 0
487 488 0
69 488 0
-170 -185 489 0
170 -489 0
185 -489 0
69 490 0
-69 -490 0
70 491 0
-70 -491 0
-491 -490 -492 0
491 492 0
490 492 0
492 489 493 0
-492 -493 0
-489 -493 0
185 494 0
-185 -494 0
170 495 0
-170 -495 0
-495 -494 -496 0
495 496 0
494 496 0
-70 -490 -497 0
70 497 0
490 497 0
497 496 498 0
-497 -498 0
-496 -498 0
498 493 499 0
-498 -499 0
-493 -499 0
-499 -488 -209 0
499 209 0
488 209 0
-192 -194 -195 -196 -197 -198 -199 -200 -201 210 0
192 -210 0
194 -210 0
195 -210 0
196 -210 0
197 -210 0
198 -210 0
199 -210 0
200 -210 0
201 -210 0
193 211 0
-193 -211 0
202 212 0
-202 -212 0
203 213 0
-203 -213 0
204 214 0
-204 -214 0
205 215 0
-205 -215 0
206 216 0
-206 -216 0
207 217 0
-207 -217 0
208 218 0
-208 -218 0
209 219 0
-209 -219 0
210 220 0
-210 -220 0
210 221 0
-210 -221 0
210 120 0
-210 -120 0
-220 -192 -222 0
220 192 -222 0
220 -192 222 0
-220 192 222 0
-220 -194 -223 0
220 194 -223 0
220 -194 223 0
-220 194 223 0
-220 -195 -224 0
220 195 -224 0
220 -195 224 0
-220 195 224 0
-196 -220 -643 0
196 220 -643 0
196 -220 643 0
-196 220 643 0
-643 -93 -644 0
643 644 0
93 644 0
-196 -220 645 0
196 -645 0
220 -645 0
93 646 0
-93 -646 0
94 647 0
-94 -647 0
-647 -646 -648 0
647 648 0
646 648 0
648 645 649 0
-648 -649 0
-645 -649 0
220 650 0
-220 -650 0
196 651 0
-196 -651 0
-651 -650 -652 0
651 652 0
650 652 0
-94 -646 -653 0
94 653 0
646 653 0
653 652 654 0
-653 -654 0
-652 -654 0
654 649 655 0
-654 -655 0
-649 -655 0
-655 -644 -225 0
655 225 0
644 225 0
-221 -3 -305 0
221 3 -305 0
221 -3 305 0
-221 3 305 0
-305 -41 -306 0
305 306 0
41 306 0
-221 -3 307 0
221 -307 0
3 -307 0
41 308 0
-41 -308 0
42 309 0
-42 -309 0
-309 -308 -310 0
309 310 0
308 310 0
310 307 311 0
-310 -311 0
-307 -311 0
3 312 0
-3 -312 0
221 313 0
-221 -313 0
-313 -312 -314 0
313 314 0
312 314 0
-42 -308 -315 0
42 315 0
308 315 0
315 314 316 0
-315 -316 0
-314 -316 0
316 311 317 0
-316 -317 0
-311 -317 0
-317 -306 -226 0
317 226 0
306 226 0
-220 -197 -227 0
220 197 -227 0
220 -197 227 0
-220 197 227 0
-7 -221 -331 0
7 221 -331 0
7 -221 331 0
-7 221 331 0
-331 -45 -332 0
331 332 0
45 332 0
-7 -221 333 0
7 -333 0
221 -333 0
45 334 0
-45 -334 0
46 335 0
-46 -335 0
-335 -334 -336 0
335 336 0
334 336 0
336 333 337 0
-336 -337 0
-333 -337 0
221 338 0
-221 -338 0
7 339 0
-7 -339 0
-339 -338 -340 0
339 340 0
338 340 0
-46 -334 -341 0
46 341 0
334 341 0
341 340 342 0
-341 -342 0
-340 -342 0
342 337 343 0
-342 -343 0
-337 -343 0
-343 -332 -228 0
343 228 0
332 228 0
-220 -198 -229 0
220 198 -229 0
220 -198 229 0
-220 198 229 0
-221 -11 -230 0
221 230 0
11 230 0
-220 -199 -231 0
220 199 -231 0
220 -199 231 0
-220 199 231 0
-221 -15 -232 0
221 232 0
15 232 0
-220 -200 -233 0
220 200 -233 0
220 -200 233 0
-220 200 233 0
-221 -19 -234 0
221 234 0
19 234 0
-201 -220 -539 0
201 220 -539 0
201 -220 539 0
-201 220 539 0
-539 -77 -540 0
539 540 0
77 540 0
-201 -220 541 0
201 -541 0
220 -541 0
77 542 0
-77 -542 0
78 543 0
-78 -543 0
-543 -542 -544 0
543 544 0
542 544 0
544 541 545 0
-544 -545 0
-541 -545 0
220 546 0
-220 -546 0
201 547 0
-201 -547 0
-547 -546 -548 0
547 548 0
546 548 0
-78 -542 -549 0
78 549 0
542 549 0
549 548 550 0
-549 -550 0
-548 -550 0
550 545 551 0
-550 -551 0
-545 -551 0
-551 -540 -235 0
551 235 0
540 235 0
-221 -23 -236 0
221 236 0
23 236 0
-221 -27 -237 0
221 237 0
27 237 0
-31 -221 -617 0
31 221 -617 0
31 -221 617 0
-31 221 617 0
-617 -89 -618 0
617 618 0
89 618 0
-31 -221 619 0
31 -619 0
221 -619 0
89 620 0
-89 -620 0
90 621 0
-90 -621 0
-621 -620 -622 0
621 622 0
620 622 0
622 619 623 0
-622 -623 0
-619 -623 0
221 624 0
-221 -624 0
31 625 0
-31 -625 0
-625 -624 -626 0
625 626 0
624 626 0
-90 -620 -627 0
90 627 0
620 627 0
627 626 628 0
-627 -628 0
-626 -628 0
628 623 629 0
-628 -629 0
-623 -629 0
-629 -618 -238 0
629 238 0
618 238 0
-221 -35 -239 0
221 239 0
35 239 0
-222 -211 -240 0
222 240 0
211 240 0
-223 -212 -241 0
223 241 0
212 241 0
-224 -213 -242 0
224 242 0
213 242 0
-214 -225 -656 0
214 225 -656 0
214 -225 656 0
-214 225 656 0
-656 -95 -657 0
656 657 0
95 657 0
-214 -225 658 0
214 -658 0
225 -658 0
95 659 0
-95 -659 0
96 660 0
-96 -660 0
-660 -659 -661 0
660 661 0
659 661 0
661 658 662 0
-661 -662 0
-658 -662 0
225 663 0
-225 -663 0
214 664 0
-214 -664 0
-664 -663 -665 0
664 665 0
663 665 0
-96 -659 -666 0
96 666 0
659 666 0
666 665 667 0
-666 -667 0
-665 -667 0
667 662 668 0
-667 -668 0
-662 -668 0
-668 -657 -243 0
668 243 0
657 243 0
-227 -215 -244 0
227 244 0
215 244 0
-216 -229 -760 0
216 229 -760 0
216 -229 760 0
-216 229 760 0
-760 -111 -761 0
760 761 0
111 761 0
-216 -229 762 0
216 -762 0
229 -762 0
111 763 0
-111 -763 0
112 764 0
-112 -764 0
-764 -763 -765 0
764 765 0
763 765 0
765 762 766 0
-765 -766 0
-762 -766 0
229 767 0
-229 -767 0
216 768 0
-216 -768 0
-768 -767 -769 0
768 769 0
767 769 0
-112 -763 -770 0
112 770 0
763 770 0
770 769 771 0
-770 -771 0
-769 -771 0
771 766 772 0
-771 -772 0
-766 -772 0
-772 -761 -245 0
772 245 0
761 245 0
-217 -231 -565 0
217 231 -565 0
217 -231 565 0
-217 231 565 0
-565 -81 -566 0
565 566 0
81 566 0
-217 -231 567 0
217 -567 0
231 -567 0
81 568 0
-81 -568 0
82 569 0
-82 -569 0
-569 -568 -570 0
569 570 0
568 570 0
570 567 571 0
-570 -571 0
-567 -571 0
231 572 0
-231 -572 0
217 573 0
-217 -573 0
-573 -572 -574 0
573 574 0
572 574 0
-82 -568 -575 0
82 575 0
568 575 0
575 574 576 0
-575 -576 0
-574 -576 0
576 571 577 0
-576 -577 0
-571 -577 0
-577 -566 -246 0
577 246 0
566 246 0
-233 -218 -247 0
233 247 0
218 247 0
-219 -235 -422 0
219 235 -422 0
219 -235 422 0
-219 235 422 0
-422 -59 -423 0
422 423 0
59 423 0
-219 -235 424 0
219 -424 0
235 -424 0
59 425 0
-59 -425 0
60 426 0
-60 -426 0
-426 -425 -427 0
426 427 0
425 427 0
427 424 428 0
-427 -428 0
-424 -428 0
235 429 0
-235 -429 0
219 430 0
-219 -430 0
-430 -429 -431 0
430 431 0
429 431 0
-60 -425 -432 0
60 432 0
425 432 0
432 431 433 0
-432 -433 0
-431 -433 0
433 428 434 0
-433 -434 0
-428 -434 0
-434 -423 -248 0
434 248 0
423 248 0
-240 -241 -242 -243 -244 -245 -246 -247 -248 249 0
240 -249 0
241 -249 0
242 -249 0
243 -249 0
244 -249 0
245 -249 0
246 -249 0
247 -249 0
248 -249 0
249 250 0
-249 -250 0
249 121 0
-249 -121 0
-250 -5 -435 0
250 5 -435 0
250 -5 435 0
-250 5 435 0
-435 -61 -436 0
435 436 0
61 436 0
-250 -5 437 0
250 -437 0
5 -437 0
61 438 0
-61 -438 0
62 439 0
-62 -439 0
-439 -438 -440 0
439 440 0
438 440 0
440 437 441 0
-440 -441 0
-437 -441 0
5 442 0
-5 -442 0
250 443 0
-250 -443 0
-443 -442 -444 0
443 444 0
442 444 0
-62 -438 -445 0
62 445 0
438 445 0
445 444 446 0
-445 -446 0
-444 -446 0
446 441 447 0
-446 -447 0
-441 -447 0
-447 -436 -251 0
447 251 0
436 251 0
-250 -9 -252 0
250 252 0
9 252 0
-13 -250 -383 0
13 250 -383 0
13 -250 383 0
-13 250 383 0
-383 -53 -384 0
383 384 0
53 384 0
-13 -250 385 0
13 -385 0
250 -385 0
53 386 0
-53 -386 0
54 387 0
-54 -387 0
-387 -386 -388 0
387 388 0
386 388 0
388 385 389 0
-388 -389 0
-385 -389 0
250 390 0
-250 -390 0
13 391 0
-13 -391 0
-391 -390 -392 0
391 392 0
390 392 0
-54 -386 -393 0
54 393 0
386 393 0
393 392 394 0
-393 -394 0
-392 -394 0
394 389 395 0
-394 -395 0
-389 -395 0
-395 -384 -253 0
395 253 0
384 253 0
-250 -17 -254 0
250 254 0
17 254 0
-250 -21 -255 0
250 255 0
21 255 0
-25 -250 -747 0
25 250 -747 0
25 -250 747 0
-25 250 747 0
-747 -109 -748 0
747 748 0
109 748 0
-25 -250 749 0
25 -749 0
250 -749 0
109 750 0
-109 -750 0
110 751 0
-110 -751 0
-751 -750 -752 0
751 752 0
750 752 0
752 749 753 0
-752 -753 0
-749 -753 0
250 754 0
-250 -754 0
25 755 0
-25 -755 0
-755 -754 -756 0
755 756 0
754 756 0
-110 -750 -757 0
110 757 0
750 757 0
757 756 758 0
-757 -758 0
-756 -758 0
758 753 759 0
-758 -759 0
-753 -759 0
-759 -748 -256 0
759 256 0
748 256 0
-29 -250 -682 0
29 250 -682 0
29 -250 682 0
-29 250 682 0
-682 -99 -683 0
682 683 0
99 683 0
-29 -250 684 0
29 -684 0
250 -684 0
99 685 0
-99 -685 0
100 686 0
-100 -686 0
-686 -685 -687 0
686 687 0
685 687 0
687 684 688 0
-687 -688 0
-684 -688 0
250 689 0
-250 -689 0
29 690 0
-29 -690 0
-690 -689 -691 0
690 691 0
689 691 0
-100 -685 -692 0
100 692 0
685 692 0
692 691 693 0
-692 -693 0
-691 -693 0
693 688 694 0
-693 -694 0
-688 -694 0
-694 -683 -257 0
694 257 0
683 257 0
-33 -250 -513 0
33 250 -513 0
33 -250 513 0
-33 250 513 0
-513 -73 -514 0
513 514 0
73 514 0
-33 -250 515 0
33 -515 0
250 -515 0
73 516 0
-73 -516 0
74 517 0
-74 -517 0
-517 -516 -518 0
517 518 0
516 518 0
518 515 519 0
-518 -519 0
-515 -519 0
250 520 0
-250 -520 0
33 521 0
-33 -521 0
-521 -520 -522 0
521 522 0
520 522 0
-74 -516 -523 0
74 523 0
516 523 0
523 522 524 0
-523 -524 0
-522 -524 0
524 519 525 0
-524 -525 0
-519 -525 0
-525 -514 -258 0
525 258 0
514 258 0
-36 -250 -786 0
36 250 -786 0
36 -250 786 0
-36 250 786 0
-786 -115 -787 0
786 787 0
115 787 0
-36 -250 788 0
36 -788 0
250 -788 0
115 789 0
-115 -789 0
116 790 0
-116 -790 0
-790 -789 -791 0
790 791 0
789 791 0
791 788 792 0
-791 -792 0
-788 -792 0
250 793 0
-250 -793 0
36 794 0
-36 -794 0
-794 -793 -795 0
794 795 0
793 795 0
-116 -789 -796 0
116 796 0
789 796 0
796 795 797 0
-796 -797 0
-795 -797 0
797 792 798 0
-797 -798 0
-792 -798 0
-798 -787 -259 0
798 259 0
787 259 0
-2 -180 -226 -251 -260 0
2 260 0
180 260 0
226 260 0
251 260 0
-182 -228 -252 -6 -261 0
182 261 0
228 261 0
252 261 0
6 261 0
-184 -230 -253 -10 -262 0
184 262 0
230 262 0
253 262 0
10 262 0
-186 -232 -254 -14 -263 0
186 263 0
232 263 0
254 263 0
14 263 0
-187 -234 -255 -18 -264 0
187 264 0
234 264 0
255 264 0
18 264 0
-188 -236 -256 -22 -265 0
188 265 0
236 265 0
256 265 0
22 265 0
-189 -237 -257 -26 -266 0
189 266 0
237 266 0
257 266 0
26 266 0
-190 -238 -258 -30 -267 0
190 267 0
238 267 0
258 267 0
30 267 0
-191 -239 -259 -34 -268 0
191 268 0
239 268 0
259 268 0
34 268 0
260 269 0
-260 -269 0
-261 -262 -263 -264 -265 -266 -267 -268 270 0
261 -270 0
262 -270 0
263 -270 0
264 -270 0
265 -270 0
266 -270 0
267 -270 0
268 -270 0
263 271 0
-263 -271 0
265 272 0
-265 -272 0
266 273 0
-266 -273 0
267 274 0
-267 -274 0
269 270 122 0
-269 -122 0
-270 -122 0
-262 -271 -275 0
262 275 0
271 275 0
-262 -263 -272 -264 -276 0
262 276 0
263 276 0
272 276 0
264 276 0
-264 -263 -273 -277 0
264 277 0
263 277 0
273 277 0
-262 -263 -266 -274 -278 0
262 278 0
263 278 0
266 278 0
274 278 0
-261 -262 -275 -264 -123 0
261 123 0
262 123 0
275 123 0
264 123 0
-261 -262 -276 -277 -124 0
261 124 0
262 124 0
276 124 0
277 124 0
-261 -275 -276 -278 -125 0
261 125 0
275 125 0
276 125 0
278 125 0
